2
34 34
-0.080897 -1.607695 0.000000 -0.000000 1.000000
-0.093355 -1.605151 0.030303 -0.000000 1.000000
-0.108196 -1.601576 0.060606 -0.000000 1.000000
-0.126842 -1.596238 0.090909 -0.000000 1.000000
-0.151631 -1.587667 0.121212 -0.000000 1.000000
-0.186413 -1.572746 0.151515 -0.000000 1.000000
-0.236941 -1.544828 0.181818 -0.000000 1.000000
-0.309173 -1.491185 0.212121 -0.000000 1.000000
-0.403436 -1.393497 0.242424 -0.000000 1.000000
-0.509884 -1.235104 0.272727 -0.000000 1.000000
-0.612470 -1.007902 0.303030 -0.000000 1.000000
-0.694691 -0.712316 0.333333 -0.000000 1.000000
-0.740775 -0.355144 0.363636 -0.000000 1.000000
-0.734184 0.049795 0.393939 -0.000000 1.000000
-0.656290 0.475762 0.424242 -0.000000 1.000000
-0.489203 0.870188 0.454545 -0.000000 1.000000
-0.230593 1.143412 0.484848 -0.000000 1.000000
0.080902 1.197012 0.515152 -0.000000 1.000000
0.369835 1.006924 0.545455 -0.000000 1.000000
0.577564 0.650024 0.575758 -0.000000 1.000000
0.691491 0.227156 0.606061 -0.000000 1.000000
0.725453 -0.193605 0.636364 -0.000000 1.000000
0.698314 -0.576499 0.666667 -0.000000 1.000000
0.626972 -0.903398 0.696970 -0.000000 1.000000
0.526475 -1.164821 0.727273 -0.000000 1.000000
0.411746 -1.357025 0.757576 -0.000000 1.000000
0.298688 -1.482827 0.787879 -0.000000 1.000000
0.202233 -1.553738 0.818182 -0.000000 1.000000
0.130238 -1.588194 0.848485 -0.000000 1.000000
0.080567 -1.603488 0.878788 -0.000000 1.000000
0.046511 -1.610118 0.909091 -0.000000 1.000000
0.022214 -1.612962 0.939394 -0.000000 1.000000
0.003884 -1.614075 0.969697 -0.000000 1.000000
-0.010754 -1.614329 1.000000 -0.000000 1.000000
-0.080452 -1.605034 0.000566 0.015152 1.000000
-0.092720 -1.602309 0.030835 0.015152 1.000000
-0.107291 -1.598472 0.061104 0.015152 1.000000
-0.125531 -1.592773 0.091372 0.015152 1.000000
-0.149669 -1.583722 0.121641 0.015152 1.000000
-0.183374 -1.568215 0.151910 0.015152 1.000000
-0.232131 -1.539728 0.182179 0.015152 1.000000
-0.301703 -1.485875 0.212447 0.015152 1.000000
-0.392522 -1.388880 0.242716 0.015152 1.000000
-0.494982 -1.232736 0.272985 0.015152 1.000000
-0.593137 -1.010192 0.303253 0.015152 1.000000
-0.670618 -0.722781 0.333522 0.015152 1.000000
-0.712077 -0.378594 0.363791 0.015152 1.000000
-0.701925 0.007238 0.394060 0.015152 1.000000
-0.623402 0.407342 0.424328 0.015152 1.000000
-0.461672 0.771533 0.454597 0.015152 1.000000
-0.217108 1.019588 0.484866 0.015152 1.000000
0.074203 1.067693 0.515134 0.015152 1.000000
0.345623 0.895885 0.545403 0.015152 1.000000
0.544375 0.568830 0.575672 0.015152 1.000000
0.656769 0.174622 0.605940 0.015152 1.000000
0.693366 -0.223688 0.636209 0.015152 1.000000
0.670651 -0.590665 0.666478 0.015152 1.000000
0.604220 -0.907094 0.696747 0.015152 1.000000
0.508475 -1.162240 0.727015 0.015152 1.000000
0.398069 -1.351217 0.757284 0.015152 1.000000
0.288844 -1.475872 0.787553 0.015152 1.000000
0.195651 -1.546942 0.817821 0.015152 1.000000
0.126117 -1.582212 0.848090 0.015152 1.000000
0.078047 -1.598440 0.878359 0.015152 1.000000
0.044950 -1.605860 0.908628 0.015152 1.000000
0.021226 -1.609299 0.938896 0.015152 1.000000
0.003253 -1.610843 0.969165 0.015152 1.000000
-0.011148 -1.611401 0.999434 0.015152 1.000000
-0.080005 -1.602404 0.002264 0.030303 1.000000
-0.092083 -1.599505 0.032430 0.030303 1.000000
-0.106384 -1.595418 0.062596 0.030303 1.000000
-0.124214 -1.589373 0.092761 0.030303 1.000000
-0.147696 -1.579870 0.122927 0.030303 1.000000
-0.180302 -1.563827 0.153093 0.030303 1.000000
-0.227232 -1.534866 0.183259 0.030303 1.000000
-0.293995 -1.481000 0.213425 0.030303 1.000000
-0.381104 -1.385097 0.243591 0.030303 1.000000
-0.479272 -1.231865 0.273756 0.030303 1.000000
-0.572777 -1.014872 0.303922 0.030303 1.000000
-0.645474 -0.736645 0.334088 0.030303 1.000000
-0.682484 -0.406384 0.364254 0.030303 1.000000
-0.669182 -0.040267 0.394420 0.030303 1.000000
-0.590613 0.334072 0.424585 0.030303 1.000000
-0.434745 0.669136 0.454751 0.030303 1.000000
-0.204202 0.893644 0.484917 0.030303 1.000000
0.067521 0.936726 0.515083 0.030303 1.000000
0.321791 0.781930 0.545249 0.030303 1.000000
0.511289 0.483251 0.575415 0.030303 1.000000
0.621596 0.117129 0.605580 0.030303 1.000000
0.660350 -0.258456 0.635746 0.030303 1.000000
0.641777 -0.608749 0.665912 0.030303 1.000000
0.580195 -0.913745 0.696078 0.030303 1.000000
0.489336 -1.161663 0.726244 0.030303 1.000000
0.383535 -1.346619 0.756409 0.030303 1.000000
0.278483 -1.469577 0.786575 0.030303 1.000000
0.188826 -1.540499 0.816741 0.030303 1.000000
0.121902 -1.576433 0.846907 0.030303 1.000000
0.075490 -1.593521 0.877073 0.030303 1.000000
0.043373 -1.601688 0.907239 0.030303 1.000000
0.020229 -1.605697 0.937404 0.030303 1.000000
0.002616 -1.607656 0.967570 0.030303 1.000000
-0.011546 -1.608510 0.997736 0.030303 1.000000
-0.079557 -1.599797 0.005089 0.045455 1.000000
-0.091443 -1.596729 0.035084 0.045455 1.000000
-0.105471 -1.592400 0.065078 0.045455 1.000000
-0.122889 -1.586026 0.095073 0.045455 1.000000
-0.145708 -1.576099 0.125068 0.045455 1.000000
-0.177201 -1.559569 0.155062 0.045455 1.000000
-0.222256 -1.530227 0.185057 0.045455 1.000000
-0.286089 -1.476535 0.215051 0.045455 1.000000
-0.369263 -1.382091 0.245046 0.045455 1.000000
-0.462876 -1.232370 0.275041 0.045455 1.000000
-0.551551 -1.021718 0.305035 0.045455 1.000000
-0.619452 -0.753528 0.335030 0.045455 1.000000
-0.652211 -0.437923 0.365024 0.045455 1.000000
-0.636177 -0.091859 0.395019 0.045455 1.000000
-0.558126 0.257122 0.425014 0.045455 1.000000
-0.408561 0.564446 0.455008 0.045455 1.000000
-0.191911 0.767179 0.485003 0.045455 1.000000
0.060920 0.805715 0.514997 0.045455 1.000000
0.298492 0.666559 0.544992 0.045455 1.000000
0.478521 0.394554 0.574986 0.045455 1.000000
0.586212 0.055650 0.604981 0.045455 1.000000
0.626638 -0.297207 0.634976 0.045455 1.000000
0.611909 -0.630274 0.664970 0.045455 1.000000
0.555085 -0.923053 0.694965 0.045455 1.000000
0.469213 -1.162921 0.724959 0.045455 1.000000
0.368260 -1.343150 0.754954 0.045455 1.000000
0.267680 -1.463907 0.784949 0.045455 1.000000
0.181796 -1.534393 0.814943 0.045455 1.000000
0.117603 -1.570845 0.844938 0.045455 1.000000
0.072897 -1.588716 0.874932 0.045455 1.000000
0.041777 -1.597589 0.904927 0.045455 1.000000
0.019221 -1.602144 0.934922 0.045455 1.000000
0.001973 -1.604504 0.964916 0.045455 1.000000
-0.011950 -1.605645 0.994911 0.045455 1.000000
-0.079105 -1.597202 0.009036 0.060606 1.000000
-0.090798 -1.593971 0.038791 0.060606 1.000000
-0.104552 -1.589409 0.068546 0.060606 1.000000
-0.121553 -1.582721 0.098302 0.060606 1.000000
-0.143703 -1.572395 0.128057 0.060606 1.000000
-0.174070 -1.555427 0.157813 0.060606 1.000000
-0.217216 -1.525794 0.187568 0.060606 1.000000
-0.278024 -1.472454 0.217324 0.060606 1.000000
-0.357075 -1.379802 0.247079 0.060606 1.000000
-0.445912 -1.234132 0.276834 0.060606 1.000000
-0.529614 -1.030510 0.306590 0.060606 1.000000
-0.592735 -0.773065 0.336345 0.060606 1.000000
-0.621465 -0.472654 0.366101 0.060606 1.000000
-0.603120 -0.146750 0.395856 0.060606 1.000000
-0.526122 0.177526 0.425611 0.060606 1.000000
-0.383231 0.458682 0.455367 0.060606 1.000000
-0.180255 0.641457 0.485122 0.060606 1.000000
0.054449 0.675910 0.514878 0.060606 1.000000
0.275847 0.551000 0.544633 0.060606 1.000000
0.446263 0.303839 0.574389 0.060606 1.000000
0.550839 -0.008932 0.604144 0.060606 1.000000
0.592454 -0.339290 0.633899 0.060606 1.000000
0.581256 -0.654794 0.663655 0.060606 1.000000
0.529074 -0.934732 0.693410 0.060606 1.000000
0.448257 -1.165853 0.723166 0.060606 1.000000
0.352359 -1.340727 0.752921 0.060606 1.000000
0.256507 -1.458828 0.782676 0.060606 1.000000
0.174594 -1.528606 0.812432 0.060606 1.000000
0.113232 -1.565435 0.842187 0.060606 1.000000
0.070269 -1.584013 0.871943 0.060606 1.000000
0.040160 -1.593550 0.901698 0.060606 1.000000
0.018200 -1.598628 0.931454 0.060606 1.000000
0.001320 -1.601375 0.961209 0.060606 1.000000
-0.012359 -1.602796 0.990964 0.060606 1.000000
-0.078648 -1.594609 0.014094 0.075758 1.000000
-0.090145 -1.591220 0.043543 0.075758 1.000000
-0.103622 -1.586434 0.072992 0.075758 1.000000
-0.120203 -1.579447 0.102441 0.075758 1.000000
-0.141678 -1.568749 0.131890 0.075758 1.000000
-0.170909 -1.551389 0.161338 0.075758 1.000000
-0.212119 -1.521554 0.190787 0.075758 1.000000
-0.269832 -1.468731 0.220236 0.075758 1.000000
-0.344615 -1.378177 0.249685 0.075758 1.000000
-0.428495 -1.237033 0.279134 0.075758 1.000000
-0.507116 -1.041032 0.308583 0.075758 1.000000
-0.565504 -0.794906 0.338031 0.075758 1.000000
-0.590439 -0.510058 0.367480 0.075758 1.000000
-0.570201 -0.204223 0.396929 0.075758 1.000000
-0.494756 0.096186 0.426378 0.075758 1.000000
-0.358835 0.352840 0.455827 0.075758 1.000000
-0.169239 0.517442 0.485276 0.075758 1.000000
0.048145 0.548245 0.514724 0.075758 1.000000
0.253945 0.436227 0.544173 0.075758 1.000000
0.414673 0.212044 0.573622 0.075758 1.000000
0.515680 -0.075832 0.603071 0.075758 1.000000
0.558011 -0.384106 0.632520 0.075758 1.000000
0.550019 -0.681884 0.661969 0.075758 1.000000
0.502342 -0.948507 0.691417 0.075758 1.000000
0.426616 -1.170294 0.720866 0.075758 1.000000
0.335942 -1.339267 0.750315 0.075758 1.000000
0.245034 -1.454302 0.779764 0.075758 1.000000
0.167253 -1.523124 0.809213 0.075758 1.000000
0.108795 -1.560191 0.838662 0.075758 1.000000
0.067605 -1.579401 0.868110 0.075758 1.000000
0.038521 -1.589560 0.897559 0.075758 1.000000
0.017163 -1.595137 0.927008 0.075758 1.000000
0.000657 -1.598259 0.956457 0.075758 1.000000
-0.012775 -1.599952 0.985906 0.075758 1.000000
-0.078185 -1.592008 0.020254 0.090909 1.000000
-0.089483 -1.588467 0.049329 0.090909 1.000000
-0.102679 -1.583465 0.078405 0.090909 1.000000
-0.118836 -1.576193 0.107480 0.090909 1.000000
-0.139630 -1.565150 0.136556 0.090909 1.000000
-0.167716 -1.547446 0.165631 0.090909 1.000000
-0.206974 -1.517493 0.194707 0.090909 1.000000
-0.261543 -1.465342 0.223782 0.090909 1.000000
-0.331951 -1.377158 0.252858 0.090909 1.000000
-0.410738 -1.240957 0.281933 0.090909 1.000000
-0.484205 -1.053078 0.311009 0.090909 1.000000
-0.537929 -0.818721 0.340085 0.090909 1.000000
-0.559317 -0.549651 0.369160 0.090909 1.000000
-0.537593 -0.263633 0.398236 0.090909 1.000000
-0.464158 0.013876 0.427311 0.090909 1.000000
-0.335429 0.247720 0.456387 0.090909 1.000000
-0.158858 0.395845 0.485462 0.090909 1.000000
0.042031 0.423395 0.514538 0.090909 1.000000
0.232845 0.322995 0.543613 0.090909 1.000000
0.383879 0.119956 0.572689 0.090909 1.000000
0.480914 -0.144349 0.601764 0.090909 1.000000
0.523506 -0.431105 0.630840 0.090909 1.000000
0.518390 -0.711149 0.659915 0.090909 1.000000
0.475061 -0.964116 0.688991 0.090909 1.000000
0.404436 -1.176090 0.718067 0.090909 1.000000
0.319119 -1.338691 0.747142 0.090909 1.000000
0.233326 -1.450296 0.776218 0.090909 1.000000
0.159798 -1.517931 0.805293 0.090909 1.000000
0.104301 -1.555102 0.834369 0.090909 1.000000
0.064905 -1.574868 0.863444 0.090909 1.000000
0.036856 -1.585607 0.892520 0.090909 1.000000
0.016109 -1.591661 0.921595 0.090909 1.000000
-0.000019 -1.595145 0.950671 0.090909 1.000000
-0.013200 -1.597103 0.979746 0.090909 1.000000
-0.077713 -1.589391 0.027500 0.106061 1.000000
-0.088809 -1.585701 0.056136 0.106061 1.000000
-0.101719 -1.580491 0.084772 0.106061 1.000000
-0.117447 -1.572949 0.113409 0.106061 1.000000
-0.137554 -1.561585 0.142045 0.106061 1.000000
-0.164488 -1.543584 0.170682 0.106061 1.000000
-0.201785 -1.513598 0.199318 0.106061 1.000000
-0.253186 -1.462265 0.227954 0.106061 1.000000
-0.319149 -1.376694 0.256591 0.106061 1.000000
-0.392748 -1.245792 0.285227 0.106061 1.000000
-0.461022 -1.066446 0.313863 0.106061 1.000000
-0.510175 -0.844194 0.342500 0.106061 1.000000
-0.528268 -0.590986 0.371136 0.106061 1.000000
-0.505451 -0.324401 0.399773 0.106061 1.000000
-0.434431 -0.068741 0.428409 0.106061 1.000000
-0.313041 0.143954 0.457045 0.106061 1.000000
-0.149096 0.277176 0.485682 0.106061 1.000000
0.036123 0.301830 0.514318 0.106061 1.000000
0.212582 0.211878 0.542955 0.106061 1.000000
0.353980 0.028226 0.571591 0.106061 1.000000
0.446699 -0.213870 0.600227 0.106061 1.000000
0.489124 -0.479786 0.628864 0.106061 1.000000
0.486553 -0.742216 0.657500 0.106061 1.000000
0.447400 -0.981307 0.686137 0.106061 1.000000
0.381859 -1.183088 0.714773 0.106061 1.000000
0.301993 -1.338919 0.743409 0.106061 1.000000
0.221444 -1.446775 0.772046 0.106061 1.000000
0.152255 -1.513010 0.800682 0.106061 1.000000
0.099752 -1.550156 0.829318 0.106061 1.000000
0.062166 -1.570403 0.857955 0.106061 1.000000
0.035163 -1.581680 0.886591 0.106061 1.000000
0.015034 -1.588188 0.915228 0.106061 1.000000
-0.000709 -1.592022 0.943864 0.106061 1.000000
-0.013635 -1.594238 0.972500 0.106061 1.000000
-0.077230 -1.586746 0.035816 0.121212 1.000000
-0.088120 -1.582912 0.063948 0.121212 1.000000
-0.100741 -1.577503 0.092081 0.121212 1.000000
-0.116033 -1.569705 0.120213 0.121212 1.000000
-0.135446 -1.558047 0.148345 0.121212 1.000000
-0.161223 -1.539795 0.176478 0.121212 1.000000
-0.196556 -1.509858 0.204610 0.121212 1.000000
-0.244782 -1.459479 0.232743 0.121212 1.000000
-0.306269 -1.376733 0.260875 0.121212 1.000000
-0.374627 -1.251428 0.289007 0.121212 1.000000
-0.437703 -1.080944 0.317140 0.121212 1.000000
-0.482396 -0.871029 0.345272 0.121212 1.000000
-0.497452 -0.633651 0.373404 0.121212 1.000000
-0.473910 -0.386012 0.401537 0.121212 1.000000
-0.405658 -0.151104 0.429669 0.121212 1.000000
-0.291686 0.042036 0.457801 0.121212 1.000000
-0.139930 0.161794 0.485934 0.121212 1.000000
0.030428 0.183868 0.514066 0.121212 1.000000
0.193172 0.103304 0.542199 0.121212 1.000000
0.325050 -0.062608 0.570331 0.121212 1.000000
0.413172 -0.283857 0.598463 0.121212 1.000000
0.455033 -0.529690 0.626596 0.121212 1.000000
0.454683 -0.774739 0.654728 0.121212 1.000000
0.419522 -0.999841 0.682860 0.121212 1.000000
0.359020 -1.191141 0.710993 0.121212 1.000000
0.284665 -1.339874 0.739125 0.121212 1.000000
0.209447 -1.443705 0.767257 0.121212 1.000000
0.144645 -1.508347 0.795390 0.121212 1.000000
0.095153 -1.545343 0.823522 0.121212 1.000000
0.059385 -1.565994 0.851655 0.121212 1.000000
0.033438 -1.577767 0.879787 0.121212 1.000000
0.013935 -1.584707 0.907919 0.121212 1.000000
-0.001417 -1.588879 0.936052 0.121212 1.000000
-0.014082 -1.591347 0.964184 0.121212 1.000000
-0.076736 -1.584064 0.045184 0.136364 1.000000
-0.087415 -1.580090 0.072749 0.136364 1.000000
-0.099739 -1.574490 0.100313 0.136364 1.000000
-0.114589 -1.566450 0.127878 0.136364 1.000000
-0.133302 -1.554524 0.155442 0.136364 1.000000
-0.157917 -1.536070 0.183007 0.136364 1.000000
-0.191290 -1.506262 0.210572 0.136364 1.000000
-0.236354 -1.456962 0.238136 0.136364 1.000000
-0.293367 -1.377226 0.265701 0.136364 1.000000
-0.356472 -1.257762 0.293265 0.136364 1.000000
-0.414378 -1.096389 0.320830 0.136364 1.000000
-0.454742 -0.898946 0.348395 0.136364 1.000000
-0.467015 -0.677266 0.375959 0.136364 1.000000
-0.443088 -0.448005 0.403524 0.136364 1.000000
-0.377900 -0.232743 0.431088 0.136364 1.000000
-0.271360 -0.057651 0.458653 0.136364 1.000000
-0.131335 0.049940 0.486218 0.136364 1.000000
0.024951 0.069712 0.513782 0.136364 1.000000
0.174619 -0.002412 0.541347 0.136364 1.000000
0.297144 -0.152106 0.568912 0.136364 1.000000
0.380448 -0.353840 0.596476 0.136364 1.000000
0.421389 -0.580405 0.624041 0.136364 1.000000
0.422947 -0.808396 0.651605 0.136364 1.000000
0.391582 -1.019492 0.679170 0.136364 1.000000
0.336053 -1.200109 0.706735 0.136364 1.000000
0.267230 -1.341482 0.734299 0.136364 1.000000
0.197385 -1.441054 0.761864 0.136364 1.000000
0.136986 -1.503928 0.789428 0.136364 1.000000
0.090506 -1.540652 0.816993 0.136364 1.000000
0.056560 -1.561632 0.844558 0.136364 1.000000
0.031677 -1.573859 0.872122 0.136364 1.000000
0.012809 -1.581208 0.899687 0.136364 1.000000
-0.002144 -1.585705 0.927251 0.136364 1.000000
-0.014543 -1.588419 0.954816 0.136364 1.000000
-0.076226 -1.581333 0.055582 0.151515 1.000000
-0.086689 -1.577224 0.082517 0.151515 1.000000
-0.098711 -1.571440 0.109451 0.151515 1.000000
-0.113111 -1.563173 0.136385 0.151515 1.000000
-0.131116 -1.551007 0.163320 0.151515 1.000000
-0.154566 -1.532397 0.190254 0.151515 1.000000
-0.185987 -1.502798 0.217189 0.151515 1.000000
-0.227918 -1.454696 0.244123 0.151515 1.000000
-0.280494 -1.378126 0.271058 0.151515 1.000000
-0.338377 -1.264694 0.297992 0.151515 1.000000
-0.391172 -1.112604 0.324926 0.151515 1.000000
-0.427352 -0.927682 0.351861 0.151515 1.000000
-0.437092 -0.721483 0.378795 0.151515 1.000000
-0.413091 -0.509976 0.405730 0.151515 1.000000
-0.351203 -0.313258 0.432664 0.151515 1.000000
-0.252054 -0.154809 0.459598 0.151515 1.000000
-0.123284 -0.058223 0.486533 0.151515 1.000000
0.019692 -0.040511 0.513467 0.151515 1.000000
0.156917 -0.105037 0.540402 0.151515 1.000000
0.270299 -0.239908 0.567336 0.151515 1.000000
0.348626 -0.423411 0.594270 0.151515 1.000000
0.388332 -0.631555 0.621205 0.151515 1.000000
0.391500 -0.842886 0.648139 0.151515 1.000000
0.363732 -1.040046 0.675074 0.151515 1.000000
0.313087 -1.209857 0.702008 0.151515 1.000000
0.249782 -1.343672 0.728942 0.151515 1.000000
0.185308 -1.438792 0.755877 0.151515 1.000000
0.129295 -1.499739 0.782811 0.151515 1.000000
0.085810 -1.536073 0.809746 0.151515 1.000000
0.053687 -1.557307 0.836680 0.151515 1.000000
0.029875 -1.569943 0.863615 0.151515 1.000000
0.011651 -1.577677 0.890549 0.151515 1.000000
-0.002895 -1.582489 0.917483 0.151515 1.000000
-0.015019 -1.585442 0.944418 0.151515 1.000000
-0.075700 -1.578542 0.066987 0.166667 1.000000
-0.085940 -1.574302 0.093230 0.166667 1.000000
-0.097652 -1.568343 0.119474 0.166667 1.000000
-0.111593 -1.559865 0.145717 0.166667 1.000000
-0.128882 -1.547486 0.171960 0.166667 1.000000
-0.151164 -1.528770 0.198203 0.166667 1.000000
-0.180648 -1.499458 0.224446 0.166667 1.000000
-0.219489 -1.452663 0.250690 0.166667 1.000000
-0.267695 -1.379391 0.276933 0.166667 1.000000
-0.320426 -1.272128 0.303176 0.166667 1.000000
-0.368203 -1.129425 0.329419 0.166667 1.000000
-0.400358 -0.956993 0.355662 0.166667 1.000000
-0.407806 -0.765984 0.381906 0.166667 1.000000
-0.384005 -0.571563 0.408149 0.166667 1.000000
-0.325603 -0.392314 0.434392 0.166667 1.000000
-0.233751 -0.249209 0.460635 0.166667 1.000000
-0.115751 -0.162592 0.486878 0.166667 1.000000
0.014650 -0.146729 0.513122 0.166667 1.000000
0.140054 -0.204403 0.539365 0.166667 1.000000
0.244541 -0.325721 0.565608 0.166667 1.000000
0.317789 -0.492216 0.591851 0.166667 1.000000
0.355990 -0.682801 0.618094 0.166667 1.000000
0.360490 -0.877933 0.644338 0.166667 1.000000
0.336116 -1.061303 0.670581 0.166667 1.000000
0.290242 -1.220258 0.696824 0.166667 1.000000
0.232403 -1.346375 0.723067 0.166667 1.000000
0.173260 -1.436888 0.749310 0.166667 1.000000
0.121586 -1.495766 0.775554 0.166667 1.000000
0.081067 -1.531598 0.801797 0.166667 1.000000
0.050760 -1.553008 0.828040 0.166667 1.000000
0.028027 -1.566010 0.854283 0.166667 1.000000
0.010458 -1.574105 0.880526 0.166667 1.000000
-0.003670 -1.579218 0.906770 0.166667 1.000000
-0.015513 -1.582405 0.933013 0.166667 1.000000
-0.075154 -1.575678 0.079373 0.181818 1.000000
-0.085164 -1.571312 0.104866 0.181818 1.000000
-0.096557 -1.565187 0.130358 0.181818 1.000000
-0.110030 -1.556513 0.155851 0.181818 1.000000
-0.126595 -1.543951 0.181343 0.181818 1.000000
-0.147706 -1.525178 0.206836 0.181818 1.000000
-0.175272 -1.496232 0.232328 0.181818 1.000000
-0.211082 -1.450846 0.257821 0.181818 1.000000
-0.255013 -1.380979 0.283313 0.181818 1.000000
-0.302699 -1.279976 0.308806 0.181818 1.000000
-0.345581 -1.146694 0.334299 0.181818 1.000000
-0.373883 -0.986648 0.359791 0.181818 1.000000
-0.379269 -0.810476 0.385284 0.181818 1.000000
-0.355910 -0.632448 0.410776 0.181818 1.000000
-0.301124 -0.469626 0.436269 0.181818 1.000000
-0.216431 -0.340671 0.461761 0.181818 1.000000
-0.108710 -0.263102 0.487254 0.181818 1.000000
0.009823 -0.248902 0.512746 0.181818 1.000000
0.124015 -0.300384 0.538239 0.181818 1.000000
0.219886 -0.409300 0.563731 0.181818 1.000000
0.288008 -0.559945 0.589224 0.181818 1.000000
0.324480 -0.733836 0.614716 0.181818 1.000000
0.330056 -0.913277 0.640209 0.181818 1.000000
0.308871 -1.083070 0.665701 0.181818 1.000000
0.267635 -1.231188 0.691194 0.181818 1.000000
0.215175 -1.349527 0.716687 0.181818 1.000000
0.161281 -1.435314 0.742179 0.181818 1.000000
0.113869 -1.491998 0.767672 0.181818 1.000000
0.076275 -1.527216 0.793164 0.181818 1.000000
0.047776 -1.548726 0.818657 0.181818 1.000000
0.026129 -1.562046 0.844149 0.181818 1.000000
0.009226 -1.570478 0.869642 0.181818 1.000000
-0.004476 -1.575879 0.895134 0.181818 1.000000
-0.016028 -1.579293 0.920627 0.181818 1.000000
-0.074585 -1.572727 0.092712 0.196970 1.000000
-0.084357 -1.568241 0.117396 0.196970 1.000000
-0.095422 -1.561959 0.142080 0.196970 1.000000
-0.108416 -1.553108 0.166764 0.196970 1.000000
-0.124246 -1.540392 0.191449 0.196970 1.000000
-0.144186 -1.521615 0.216133 0.196970 1.000000
-0.169857 -1.493113 0.240817 0.196970 1.000000
-0.202705 -1.449231 0.265501 0.196970 1.000000
-0.242483 -1.382852 0.290185 0.196970 1.000000
-0.285268 -1.288154 0.314869 0.196970 1.000000
-0.323408 -1.164266 0.339553 0.196970 1.000000
-0.348041 -1.016434 0.364237 0.196970 1.000000
-0.351585 -0.854693 0.388921 0.196970 1.000000
-0.328871 -0.692346 0.413606 0.196970 1.000000
-0.277783 -0.544954 0.438290 0.196970 1.000000
-0.200071 -0.429050 0.462974 0.196970 1.000000
-0.102137 -0.359711 0.487658 0.196970 1.000000
0.005207 -0.347015 0.512342 0.196970 1.000000
0.108784 -0.392889 0.537026 0.196970 1.000000
0.196346 -0.490445 0.561710 0.196970 1.000000
0.259344 -0.626327 0.586394 0.196970 1.000000
0.293905 -0.784384 0.611079 0.196970 1.000000
0.300325 -0.948681 0.635763 0.196970 1.000000
0.282127 -1.105171 0.660447 0.196970 1.000000
0.245376 -1.242534 0.685131 0.196970 1.000000
0.198170 -1.353067 0.709815 0.196970 1.000000
0.149404 -1.434044 0.734499 0.196970 1.000000
0.106154 -1.488421 0.759183 0.196970 1.000000
0.071431 -1.522920 0.783867 0.196970 1.000000
0.044728 -1.544451 0.808551 0.196970 1.000000
0.024174 -1.558042 0.833236 0.196970 1.000000
0.007948 -1.566783 0.857920 0.196970 1.000000
-0.005314 -1.572459 0.882604 0.196970 1.000000
-0.016566 -1.576094 0.907288 0.196970 1.000000
-0.073990 -1.569675 0.106973 0.212121 1.000000
-0.083514 -1.565074 0.130793 0.212121 1.000000
-0.094240 -1.558645 0.154613 0.212121 1.000000
-0.106744 -1.549635 0.178433 0.212121 1.000000
-0.121830 -1.536799 0.202253 0.212121 1.000000
-0.140598 -1.518072 0.226072 0.212121 1.000000
-0.164399 -1.490091 0.249892 0.212121 1.000000
-0.194368 -1.447803 0.273712 0.212121 1.000000
-0.230137 -1.384975 0.297532 0.212121 1.000000
-0.268198 -1.296583 0.321352 0.212121 1.000000
-0.301779 -1.182001 0.345171 0.212121 1.000000
-0.322939 -1.046152 0.368991 0.212121 1.000000
-0.324845 -0.898391 0.392811 0.212121 1.000000
-0.302948 -0.751004 0.416631 0.212121 1.000000
-0.255593 -0.618088 0.440451 0.212121 1.000000
-0.184652 -0.514232 0.464270 0.212121 1.000000
-0.096010 -0.452395 0.488090 0.212121 1.000000
0.000801 -0.441063 0.511910 0.212121 1.000000
0.094345 -0.481845 0.535730 0.212121 1.000000
0.173926 -0.568984 0.559549 0.212121 1.000000
0.231849 -0.691124 0.583369 0.212121 1.000000
0.264361 -0.834193 0.607189 0.212121 1.000000
0.271418 -0.983924 0.631009 0.212121 1.000000
0.256004 -1.127438 0.654829 0.212121 1.000000
0.223565 -1.254186 0.678648 0.212121 1.000000
0.181454 -1.356937 0.702468 0.212121 1.000000
0.137660 -1.433053 0.726288 0.212121 1.000000
0.098449 -1.485026 0.750108 0.212121 1.000000
0.066534 -1.518701 0.773928 0.212121 1.000000
0.041611 -1.540174 0.797747 0.212121 1.000000
0.022155 -1.553986 0.821567 0.212121 1.000000
0.006620 -1.563008 0.845387 0.212121 1.000000
-0.006191 -1.568944 0.869207 0.212121 1.000000
-0.017130 -1.572791 0.893027 0.212121 1.000000
-0.073366 -1.566505 0.122125 0.227273 1.000000
-0.082631 -1.561795 0.145027 0.227273 1.000000
-0.093006 -1.555232 0.167928 0.227273 1.000000
-0.105006 -1.546083 0.190830 0.227273 1.000000
-0.119337 -1.533162 0.213731 0.227273 1.000000
-0.136933 -1.514541 0.236633 0.227273 1.000000
-0.158897 -1.487161 0.259534 0.227273 1.000000
-0.186076 -1.446549 0.282436 0.227273 1.000000
-0.218002 -1.387315 0.305337 0.227273 1.000000
-0.251546 -1.305193 0.328239 0.227273 1.000000
-0.280778 -1.199773 0.351140 0.227273 1.000000
-0.298671 -1.075619 0.374042 0.227273 1.000000
-0.299135 -0.941346 0.396943 0.227273 1.000000
-0.278191 -0.808197 0.419845 0.227273 1.000000
-0.234562 -0.688847 0.442746 0.227273 1.000000
-0.170151 -0.596119 0.465648 0.227273 1.000000
-0.090311 -0.541134 0.488549 0.227273 1.000000
-0.003400 -0.531043 0.511451 0.227273 1.000000
0.080684 -0.567196 0.534352 0.227273 1.000000
0.152630 -0.644772 0.557254 0.227273 1.000000
0.205566 -0.754126 0.580155 0.227273 1.000000
0.235935 -0.883035 0.603057 0.227273 1.000000
0.243445 -1.018802 0.625958 0.227273 1.000000
0.230615 -1.149713 0.648860 0.227273 1.000000
0.202296 -1.266044 0.671761 0.227273 1.000000
0.165086 -1.361083 0.694663 0.227273 1.000000
0.126076 -1.432316 0.717564 0.227273 1.000000
0.090760 -1.481802 0.740466 0.227273 1.000000
0.061579 -1.514551 0.763367 0.227273 1.000000
0.038417 -1.535884 0.786269 0.227273 1.000000
0.020065 -1.549864 0.809170 0.227273 1.000000
0.005234 -1.559137 0.832072 0.227273 1.000000
-0.007110 -1.565316 0.854973 0.227273 1.000000
-0.017725 -1.569368 0.877875 0.227273 1.000000
-0.072706 -1.563197 0.138133 0.242424 1.000000
-0.081701 -1.558387 0.160064 0.242424 1.000000
-0.091711 -1.551703 0.181996 0.242424 1.000000
-0.103195 -1.542438 0.203927 0.242424 1.000000
-0.116759 -1.529470 0.225858 0.242424 1.000000
-0.133184 -1.511014 0.247790 0.242424 1.000000
-0.153345 -1.484315 0.269721 0.242424 1.000000
-0.177835 -1.445457 0.291652 0.242424 1.000000
-0.206099 -1.389844 0.313584 0.242424 1.000000
-0.235362 -1.313917 0.335515 0.242424 1.000000
-0.260482 -1.217463 0.357446 0.242424 1.000000
-0.275324 -1.104663 0.379378 0.242424 1.000000
-0.274527 -0.983355 0.401309 0.242424 1.000000
-0.254643 -0.863718 0.423240 0.242424 1.000000
-0.214696 -0.757070 0.445172 0.242424 1.000000
-0.156552 -0.674626 0.467103 0.242424 1.000000
-0.085021 -0.625912 0.489034 0.242424 1.000000
-0.007397 -0.616955 0.510966 0.242424 1.000000
0.067787 -0.648889 0.532897 0.242424 1.000000
0.132461 -0.717679 0.554828 0.242424 1.000000
0.180537 -0.815143 0.576760 0.242424 1.000000
0.208703 -0.930702 0.598691 0.242424 1.000000
0.216508 -1.053125 0.620622 0.242424 1.000000
0.206065 -1.171852 0.642554 0.242424 1.000000
0.181651 -1.278013 0.664485 0.242424 1.000000
0.149118 -1.365455 0.686416 0.242424 1.000000
0.114673 -1.431812 0.708348 0.242424 1.000000
0.083090 -1.478738 0.730279 0.242424 1.000000
0.056563 -1.510463 0.752210 0.242424 1.000000
0.035139 -1.531572 0.774142 0.242424 1.000000
0.017898 -1.545664 0.796073 0.242424 1.000000
0.003785 -1.555155 0.818004 0.242424 1.000000
-0.008078 -1.561559 0.839936 0.242424 1.000000
-0.018354 -1.565806 0.861867 0.242424 1.000000
-0.072008 -1.559733 0.154960 0.257576 1.000000
-0.080718 -1.554831 0.175872 0.257576 1.000000
-0.090349 -1.548040 0.196783 0.257576 1.000000
-0.101299 -1.538685 0.217695 0.257576 1.000000
-0.114086 -1.525712 0.238606 0.257576 1.000000
-0.129343 -1.507484 0.259518 0.257576 1.000000
-0.147740 -1.481547 0.280429 0.257576 1.000000
-0.169648 -1.444517 0.301341 0.257576 1.000000
-0.194448 -1.392534 0.322252 0.257576 1.000000
-0.219686 -1.322695 0.343164 0.257576 1.000000
-0.240956 -1.234966 0.364075 0.257576 1.000000
-0.252974 -1.133130 0.384987 0.257576 1.000000
-0.251090 -1.024231 0.405898 0.257576 1.000000
-0.232342 -0.917385 0.426810 0.257576 1.000000
-0.196001 -0.822613 0.447721 0.257576 1.000000
-0.143836 -0.749676 0.468633 0.257576 1.000000
-0.080126 -0.706709 0.489544 0.257576 1.000000
-0.011191 -0.698792 0.510456 0.257576 1.000000
0.055642 -0.726878 0.531367 0.257576 1.000000
0.113421 -0.787592 0.552279 0.257576 1.000000
0.156795 -0.874005 0.573190 0.257576 1.000000
0.182736 -0.977004 0.594102 0.257576 1.000000
0.190699 -1.086719 0.615013 0.257576 1.000000
0.182445 -1.193719 0.635925 0.257576 1.000000
0.161705 -1.290005 0.656836 0.257576 1.000000
0.133592 -1.370007 0.677748 0.257576 1.000000
0.103469 -1.431520 0.698659 0.257576 1.000000
0.075443 -1.475826 0.719571 0.257576 1.000000
0.051480 -1.506430 0.740482 0.257576 1.000000
0.031768 -1.527229 0.761394 0.257576 1.000000
0.015642 -1.541372 0.782305 0.257576 1.000000
0.002263 -1.551044 0.803217 0.257576 1.000000
-0.009101 -1.557653 0.824128 0.257576 1.000000
-0.019022 -1.562085 0.845040 0.257576 1.000000
-0.071264 -1.556086 0.172570 0.272727 1.000000
-0.079675 -1.551103 0.192414 0.272727 1.000000
-0.088909 -1.544224 0.212258 0.272727 1.000000
-0.099311 -1.534808 0.232102 0.272727 1.000000
-0.111307 -1.521876 0.251947 0.272727 1.000000
-0.125400 -1.503943 0.271791 0.272727 1.000000
-0.142075 -1.478851 0.291635 0.272727 1.000000
-0.161517 -1.443718 0.311479 0.272727 1.000000
-0.183061 -1.395362 0.331324 0.272727 1.000000
-0.204552 -1.331475 0.351168 0.272727 1.000000
-0.222254 -1.252185 0.371012 0.272727 1.000000
-0.231686 -1.160878 0.390857 0.272727 1.000000
-0.228878 -1.063802 0.410701 0.272727 1.000000
-0.211322 -0.969027 0.430545 0.272727 1.000000
-0.178478 -0.885345 0.450389 0.272727 1.000000
-0.131988 -0.821194 0.470234 0.272727 1.000000
-0.075611 -0.783503 0.490078 0.272727 1.000000
-0.014785 -0.776542 0.509922 0.272727 1.000000
0.044242 -0.801113 0.529766 0.272727 1.000000
0.095512 -0.854402 0.549611 0.272727 1.000000
0.134371 -0.930557 0.569455 0.272727 1.000000
0.158096 -1.021765 0.589299 0.272727 1.000000
0.166099 -1.119422 0.609143 0.272727 1.000000
0.159836 -1.215190 0.628988 0.272727 1.000000
0.142519 -1.301941 0.648832 0.272727 1.000000
0.118545 -1.374698 0.668676 0.272727 1.000000
0.092480 -1.431422 0.688521 0.272727 1.000000
0.067820 -1.473056 0.708365 0.272727 1.000000
0.046326 -1.502444 0.728209 0.272727 1.000000
0.028297 -1.522843 0.748053 0.272727 1.000000
0.013289 -1.536975 0.767898 0.272727 1.000000
0.000661 -1.546787 0.787742 0.272727 1.000000
-0.010187 -1.553576 0.807586 0.272727 1.000000
-0.019736 -1.558179 0.827430 0.272727 1.000000
-0.070468 -1.552231 0.190921 0.287879 1.000000
-0.078562 -1.547180 0.209653 0.287879 1.000000
-0.087382 -1.540233 0.228385 0.287879 1.000000
-0.097216 -1.530790 0.247117 0.287879 1.000000
-0.108410 -1.517950 0.265849 0.287879 1.000000
-0.121344 -1.500385 0.284581 0.287879 1.000000
-0.136345 -1.476222 0.303313 0.287879 1.000000
-0.153443 -1.443052 0.322045 0.287879 1.000000
-0.171949 -1.398305 0.340777 0.287879 1.000000
-0.189984 -1.340210 0.359509 0.287879 1.000000
-0.204418 -1.269034 0.378241 0.287879 1.000000
-0.211514 -1.187780 0.396974 0.287879 1.000000
-0.207940 -1.101916 0.415706 0.287879 1.000000
-0.191607 -1.018492 0.434438 0.287879 1.000000
-0.162130 -0.945142 0.453170 0.287879 1.000000
-0.120995 -0.889109 0.471902 0.287879 1.000000
-0.071465 -0.856261 0.490634 0.287879 1.000000
-0.018177 -0.850181 0.509366 0.287879 1.000000
0.033577 -0.871544 0.528098 0.287879 1.000000
0.078736 -0.918008 0.546830 0.287879 1.000000
0.113292 -0.984654 0.565562 0.287879 1.000000
0.134837 -1.064827 0.584294 0.287879 1.000000
0.142779 -1.151089 0.603026 0.287879 1.000000
0.138309 -1.236152 0.621759 0.287879 1.000000
0.124146 -1.313750 0.640491 0.287879 1.000000
0.104006 -1.379489 0.659223 0.287879 1.000000
0.081715 -1.431501 0.677955 0.287879 1.000000
0.060223 -1.470421 0.696687 0.287879 1.000000
0.041094 -1.498499 0.715419 0.287879 1.000000
0.024714 -1.518407 0.734151 0.287879 1.000000
0.010829 -1.532456 0.752883 0.287879 1.000000
-0.001033 -1.542363 0.771615 0.287879 1.000000
-0.011343 -1.549305 0.790347 0.287879 1.000000
-0.020500 -1.554063 0.809079 0.287879 1.000000
-0.069613 -1.548137 0.209972 0.303030 1.000000
-0.077370 -1.543033 0.227549 0.303030 1.000000
-0.085754 -1.536043 0.245127 0.303030 1.000000
-0.095003 -1.526612 0.262704 0.303030 1.000000
-0.105383 -1.513921 0.280281 0.303030 1.000000
-0.117166 -1.496801 0.297859 0.303030 1.000000
-0.130543 -1.473656 0.315436 0.303030 1.000000
-0.145425 -1.442510 0.333014 0.303030 1.000000
-0.161120 -1.401344 0.350591 0.303030 1.000000
-0.176001 -1.348859 0.368169 0.303030 1.000000
-0.187481 -1.285439 0.385746 0.303030 1.000000
-0.192497 -1.213724 0.403324 0.303030 1.000000
-0.188311 -1.138433 0.420901 0.303030 1.000000
-0.173218 -1.065639 0.438479 0.303030 1.000000
-0.146957 -1.001891 0.456056 0.303030 1.000000
-0.110845 -0.953347 0.473634 0.303030 1.000000
-0.067677 -0.924946 0.491211 0.303030 1.000000
-0.021368 -0.919679 0.508789 0.303030 1.000000
0.023642 -0.938114 0.526366 0.303030 1.000000
0.063095 -0.978312 0.543944 0.303030 1.000000
0.093581 -1.036163 0.561521 0.303030 1.000000
0.113004 -1.106040 0.579099 0.303030 1.000000
0.120798 -1.181584 0.596676 0.303030 1.000000
0.117918 -1.256504 0.614254 0.303030 1.000000
0.106624 -1.325367 0.631831 0.303030 1.000000
0.089994 -1.384347 0.649409 0.303030 1.000000
0.071183 -1.431740 0.666986 0.303030 1.000000
0.052650 -1.467914 0.684564 0.303030 1.000000
0.035777 -1.494589 0.702141 0.303030 1.000000
0.021011 -1.513908 0.719719 0.303030 1.000000
0.008248 -1.527800 0.737296 0.303030 1.000000
-0.002830 -1.537749 0.754873 0.303030 1.000000
-0.012580 -1.544811 0.772451 0.303030 1.000000
-0.021324 -1.549707 0.790028 0.303030 1.000000
-0.068688 -1.543767 0.229680 0.318182 1.000000
-0.076086 -1.538629 0.246063 0.318182 1.000000
-0.084014 -1.531627 0.262446 0.318182 1.000000
-0.092656 -1.522252 0.278829 0.318182 1.000000
-0.102210 -1.509775 0.295212 0.318182 1.000000
-0.112853 -1.493184 0.311595 0.318182 1.000000
-0.124664 -1.471148 0.327978 0.318182 1.000000
-0.137462 -1.442086 0.344361 0.318182 1.000000
-0.150576 -1.404464 0.360744 0.318182 1.000000
-0.162613 -1.357388 0.377127 0.318182 1.000000
-0.171462 -1.301337 0.393510 0.318182 1.000000
-0.174663 -1.238614 0.409893 0.318182 1.000000
-0.170017 -1.173233 0.426276 0.318182 1.000000
-0.156168 -1.110344 0.442659 0.318182 1.000000
-0.132954 -1.055485 0.459042 0.318182 1.000000
-0.101525 -1.013834 0.475425 0.318182 1.000000
-0.064238 -0.989510 0.491808 0.318182 1.000000
-0.024357 -0.984995 0.508192 0.318182 1.000000
0.014433 -1.000763 0.524575 0.318182 1.000000
0.048591 -1.035220 0.540958 0.318182 1.000000
0.075255 -1.084960 0.557341 0.318182 1.000000
0.092633 -1.145274 0.573724 0.318182 1.000000
0.100199 -1.210789 0.590107 0.318182 1.000000
0.098705 -1.276156 0.606490 0.318182 1.000000
0.089981 -1.336737 0.622873 0.318182 1.000000
0.076524 -1.389240 0.639256 0.318182 1.000000
0.060889 -1.432124 0.655639 0.318182 1.000000
0.045101 -1.465527 0.672022 0.318182 1.000000
0.030370 -1.490707 0.688405 0.318182 1.000000
0.017174 -1.509337 0.704788 0.318182 1.000000
0.005534 -1.522988 0.721171 0.318182 1.000000
-0.004742 -1.532921 0.737554 0.318182 1.000000
-0.013909 -1.540066 0.753937 0.318182 1.000000
-0.022215 -1.545074 0.770320 0.318182 1.000000
-0.067682 -1.539080 0.250000 0.333333 1.000000
-0.074698 -1.533933 0.265152 0.333333 1.000000
-0.082144 -1.526954 0.280303 0.333333 1.000000
-0.090159 -1.517688 0.295455 0.333333 1.000000
-0.098877 -1.505498 0.310606 0.333333 1.000000
-0.108394 -1.489526 0.325758 0.333333 1.000000
-0.118698 -1.468693 0.340909 0.333333 1.000000
-0.129552 -1.441773 0.356061 0.333333 1.000000
-0.140319 -1.407648 0.371212 0.333333 1.000000
-0.149823 -1.365767 0.386364 0.333333 1.000000
-0.156370 -1.316677 0.401515 0.333333 1.000000
-0.158025 -1.262372 0.416667 0.333333 1.000000
-0.153070 -1.206215 0.431818 0.333333 1.000000
-0.140460 -1.152497 0.446970 0.333333 1.000000
-0.120116 -1.105829 0.462121 0.333333 1.000000
-0.093022 -1.070498 0.477273 0.333333 1.000000
-0.061137 -1.049903 0.492424 0.333333 1.000000
-0.027142 -1.046081 0.507576 0.333333 1.000000
0.005945 -1.059426 0.522727 0.333333 1.000000
0.035223 -1.088641 0.537879 0.333333 1.000000
0.058326 -1.130933 0.553030 0.333333 1.000000
0.073748 -1.182410 0.568182 0.333333 1.000000
0.081015 -1.238602 0.583333 0.333333 1.000000
0.080695 -1.295034 0.598485 0.333333 1.000000
0.074233 -1.347812 0.613636 0.333333 1.000000
0.063603 -1.394144 0.628788 0.333333 1.000000
0.050834 -1.432642 0.643939 0.333333 1.000000
0.037573 -1.463254 0.659091 0.333333 1.000000
0.024863 -1.486848 0.674242 0.333333 1.000000
0.013193 -1.504682 0.689394 0.333333 1.000000
0.002672 -1.518001 0.704545 0.333333 1.000000
-0.006785 -1.527852 0.719697 0.333333 1.000000
-0.015343 -1.535034 0.734848 0.333333 1.000000
-0.023184 -1.540125 0.750000 0.333333 1.000000
-0.066584 -1.534027 0.270887 0.348485 1.000000
-0.073189 -1.528900 0.284772 0.348485 1.000000
-0.080126 -1.521990 0.298658 0.348485 1.000000
-0.087492 -1.512895 0.312544 0.348485 1.000000
-0.095365 -1.501073 0.326429 0.348485 1.000000
-0.103773 -1.485821 0.340315 0.348485 1.000000
-0.112640 -1.466288 0.354201 0.348485 1.000000
-0.121693 -1.441565 0.368086 0.348485 1.000000
-0.130347 -1.410885 0.381972 0.348485 1.000000
-0.137628 -1.373973 0.395858 0.348485 1.000000
-0.142202 -1.331421 0.409743 0.348485 1.000000
-0.142582 -1.284937 0.423629 0.348485 1.000000
-0.137468 -1.237297 0.437515 0.348485 1.000000
-0.126088 -1.192010 0.451400 0.348485 1.000000
-0.108429 -1.152838 0.465286 0.348485 1.000000
-0.085322 -1.123274 0.479172 0.348485 1.000000
-0.058364 -1.106074 0.493057 0.348485 1.000000
-0.029723 -1.102889 0.506943 0.348485 1.000000
-0.001826 -1.114042 0.520828 0.348485 1.000000
0.022987 -1.138493 0.534714 0.348485 1.000000
0.042795 -1.173983 0.548600 0.348485 1.000000
0.056359 -1.217350 0.562485 0.348485 1.000000
0.063256 -1.264938 0.576371 0.348485 1.000000
0.063897 -1.313076 0.590257 0.348485 1.000000
0.059383 -1.358554 0.604142 0.348485 1.000000
0.051232 -1.399036 0.618028 0.348485 1.000000
0.041021 -1.433280 0.631914 0.348485 1.000000
0.030064 -1.461089 0.645799 0.348485 1.000000
0.019249 -1.483006 0.659685 0.348485 1.000000
0.009052 -1.499932 0.673571 0.348485 1.000000
-0.000355 -1.512820 0.687456 0.348485 1.000000
-0.008975 -1.522511 0.701342 0.348485 1.000000
-0.016898 -1.529675 0.715228 0.348485 1.000000
-0.024243 -1.534815 0.729113 0.348485 1.000000
-0.065377 -1.528552 0.292292 0.363636 1.000000
-0.071539 -1.523484 0.304881 0.363636 1.000000
-0.077939 -1.516695 0.317469 0.363636 1.000000
-0.084634 -1.507844 0.330057 0.363636 1.000000
-0.091654 -1.496485 0.342646 0.363636 1.000000
-0.098977 -1.482060 0.355234 0.363636 1.000000
-0.106480 -1.463931 0.367822 0.363636 1.000000
-0.113880 -1.441457 0.380411 0.363636 1.000000
-0.120658 -1.414164 0.392999 0.363636 1.000000
-0.126021 -1.381987 0.405587 0.363636 1.000000
-0.128944 -1.345539 0.418176 0.363636 1.000000
-0.128318 -1.306267 0.430764 0.363636 1.000000
-0.123194 -1.266423 0.443352 0.363636 1.000000
-0.113032 -1.228818 0.455941 0.363636 1.000000
-0.097873 -1.196451 0.468529 0.363636 1.000000
-0.078405 -1.172107 0.481117 0.363636 1.000000
-0.055908 -1.157976 0.493706 0.363636 1.000000
-0.032098 -1.155373 0.506294 0.363636 1.000000
-0.008889 -1.164557 0.518883 0.363636 1.000000
0.011871 -1.184707 0.531471 0.363636 1.000000
0.028655 -1.214033 0.544059 0.363636 1.000000
0.040461 -1.250016 0.556648 0.363636 1.000000
0.046921 -1.289732 0.569236 0.363636 1.000000
0.048307 -1.330235 0.581824 0.363636 1.000000
0.045425 -1.368932 0.594413 0.363636 1.000000
0.039407 -1.403895 0.607001 0.363636 1.000000
0.031446 -1.434028 0.619589 0.363636 1.000000
0.022570 -1.459027 0.632178 0.363636 1.000000
0.013520 -1.479176 0.644766 0.363636 1.000000
0.004739 -1.495076 0.657354 0.363636 1.000000
-0.003564 -1.507422 0.669943 0.363636 1.000000
-0.011331 -1.516865 0.682531 0.363636 1.000000
-0.018590 -1.523945 0.695119 0.363636 1.000000
-0.025408 -1.529088 0.707708 0.363636 1.000000
-0.064043 -1.522588 0.314169 0.378788 1.000000
-0.069727 -1.517626 0.325431 0.378788 1.000000
-0.075558 -1.511024 0.336694 0.378788 1.000000
-0.081559 -1.502504 0.347956 0.378788 1.000000
-0.087723 -1.491715 0.359219 0.378788 1.000000
-0.093989 -1.478236 0.370481 0.378788 1.000000
-0.100210 -1.461617 0.381744 0.378788 1.000000
-0.106110 -1.441445 0.393006 0.378788 1.000000
-0.111245 -1.417475 0.404269 0.378788 1.000000
-0.114989 -1.389798 0.415531 0.378788 1.000000
-0.116574 -1.359015 0.426794 0.378788 1.000000
-0.115203 -1.326340 0.438056 0.378788 1.000000
-0.110215 -1.293563 0.449319 0.378788 1.000000
-0.101259 -1.262883 0.460581 0.378788 1.000000
-0.088415 -1.236632 0.471844 0.378788 1.000000
-0.072246 -1.216966 0.483106 0.378788 1.000000
-0.053755 -1.205586 0.494369 0.378788 1.000000
-0.034266 -1.203507 0.505631 0.378788 1.000000
-0.015254 -1.210936 0.516894 0.378788 1.000000
0.001857 -1.227239 0.528156 0.378788 1.000000
0.015883 -1.251032 0.539419 0.378788 1.000000
0.026032 -1.280359 0.550681 0.378788 1.000000
0.031984 -1.312944 0.561944 0.378788 1.000000
0.033901 -1.346482 0.573206 0.378788 1.000000
0.032344 -1.378924 0.584469 0.378788 1.000000
0.028120 -1.408708 0.595731 0.378788 1.000000
0.022106 -1.434878 0.606994 0.378788 1.000000
0.015088 -1.457064 0.618256 0.378788 1.000000
0.007666 -1.475352 0.629519 0.378788 1.000000
0.000236 -1.490101 0.640781 0.378788 1.000000
-0.006977 -1.501784 0.652044 0.378788 1.000000
-0.013877 -1.510875 0.663306 0.378788 1.000000
-0.020441 -1.517794 0.674569 0.378788 1.000000
-0.026695 -1.522883 0.685831 0.378788 1.000000
-0.062559 -1.516058 0.336466 0.393939 1.000000
-0.067726 -1.511260 0.346377 0.393939 1.000000
-0.072955 -1.504926 0.356288 0.393939 1.000000
-0.078241 -1.496841 0.366199 0.393939 1.000000
-0.083549 -1.486744 0.376111 0.393939 1.000000
-0.088794 -1.474342 0.386022 0.393939 1.000000
-0.093821 -1.459345 0.395933 0.393939 1.000000
-0.098379 -1.441526 0.405844 0.393939 1.000000
-0.102103 -1.420810 0.415755 0.393939 1.000000
-0.104515 -1.397394 0.425666 0.393939 1.000000
-0.105062 -1.371842 0.435578 0.393939 1.000000
-0.103196 -1.345151 0.445489 0.393939 1.000000
-0.098484 -1.318715 0.455400 0.393939 1.000000
-0.090721 -1.294207 0.465311 0.393939 1.000000
-0.080014 -1.273381 0.475222 0.393939 1.000000
-0.066815 -1.257857 0.485133 0.393939 1.000000
-0.051889 -1.248907 0.495044 0.393939 1.000000
-0.036230 -1.247296 0.504956 0.393939 1.000000
-0.020941 -1.253176 0.514867 0.393939 1.000000
-0.007086 -1.266078 0.524778 0.393939 1.000000
0.004441 -1.284962 0.534689 0.393939 1.000000
0.013029 -1.308361 0.544600 0.393939 1.000000
0.018406 -1.334557 0.554511 0.393939 1.000000
0.020646 -1.361801 0.564422 0.393939 1.000000
0.020113 -1.388515 0.574334 0.393939 1.000000
0.017356 -1.413460 0.584245 0.393939 1.000000
0.012997 -1.435819 0.594156 0.393939 1.000000
0.007613 -1.455195 0.604067 0.393939 1.000000
0.001677 -1.471531 0.613978 0.393939 1.000000
-0.004472 -1.484996 0.623889 0.393939 1.000000
-0.010617 -1.495878 0.633801 0.393939 1.000000
-0.016636 -1.504499 0.643712 0.393939 1.000000
-0.022476 -1.511162 0.653623 0.393939 1.000000
-0.028124 -1.516128 0.663534 0.393939 1.000000
-0.060899 -1.508869 0.359134 0.409091 1.000000
-0.065504 -1.504312 0.367671 0.409091 1.000000
-0.070096 -1.498346 0.376208 0.409091 1.000000
-0.074647 -1.490818 0.384746 0.409091 1.000000
-0.079104 -1.481553 0.393283 0.409091 1.000000
-0.083372 -1.470370 0.401820 0.409091 1.000000
-0.087303 -1.457113 0.410358 0.409091 1.000000
-0.090682 -1.441696 0.418895 0.409091 1.000000
-0.093223 -1.424165 0.427433 0.409091 1.000000
-0.094579 -1.404770 0.435970 0.409091 1.000000
-0.094371 -1.384021 0.444507 0.409091 1.000000
-0.092244 -1.362715 0.453045 0.409091 1.000000
-0.087937 -1.341906 0.461582 0.409091 1.000000
-0.081354 -1.322825 0.470119 0.409091 1.000000
-0.072615 -1.306744 0.478657 0.409091 1.000000
-0.062071 -1.294830 0.487194 0.409091 1.000000
-0.050290 -1.287996 0.495731 0.409091 1.000000
-0.037993 -1.286790 0.504269 0.409091 1.000000
-0.025974 -1.291324 0.512806 0.409091 1.000000
-0.015002 -1.301259 0.521343 0.409091 1.000000
-0.005727 -1.315851 0.529881 0.409091 1.000000
0.001392 -1.334039 0.538418 0.409091 1.000000
0.006128 -1.354579 0.546955 0.409091 1.000000
0.008493 -1.376190 0.555493 0.409091 1.000000
0.008700 -1.397697 0.564030 0.409091 1.000000
0.007101 -1.418142 0.572567 0.409091 1.000000
0.004112 -1.436845 0.581105 0.409091 1.000000
0.000141 -1.453416 0.589642 0.409091 1.000000
-0.004456 -1.467706 0.598180 0.409091 1.000000
-0.009405 -1.479747 0.606717 0.409091 1.000000
-0.014508 -1.489679 0.615254 0.409091 1.000000
-0.019638 -1.497691 0.623792 0.409091 1.000000
-0.024721 -1.503984 0.632329 0.409091 1.000000
-0.029722 -1.508738 0.640866 0.409091 1.000000
-0.059030 -1.500913 0.382121 0.424242 1.000000
-0.063025 -1.496693 0.389265 0.424242 1.000000
-0.066942 -1.491217 0.396409 0.424242 1.000000
-0.070741 -1.484391 0.403553 0.424242 1.000000
-0.074360 -1.476119 0.410697 0.424242 1.000000
-0.077705 -1.466312 0.417842 0.424242 1.000000
-0.080647 -1.454918 0.424986 0.424242 1.000000
-0.083014 -1.441952 0.432130 0.424242 1.000000
-0.084597 -1.427533 0.439274 0.424242 1.000000
-0.085159 -1.411925 0.446418 0.424242 1.000000
-0.084459 -1.395563 0.453563 0.424242 1.000000
-0.082285 -1.379063 0.460707 0.424242 1.000000
-0.078501 -1.363192 0.467851 0.424242 1.000000
-0.073083 -1.348818 0.474995 0.424242 1.000000
-0.066149 -1.336820 0.482139 0.424242 1.000000
-0.057965 -1.327995 0.489284 0.424242 1.000000
-0.048935 -1.322966 0.496428 0.424242 1.000000
-0.039561 -1.322104 0.503572 0.424242 1.000000
-0.030389 -1.325483 0.510716 0.424242 1.000000
-0.021949 -1.332875 0.517861 0.424242 1.000000
-0.014694 -1.343771 0.525005 0.424242 1.000000
-0.008958 -1.357446 0.532149 0.424242 1.000000
-0.004923 -1.373042 0.539293 0.424242 1.000000
-0.002616 -1.389664 0.546437 0.424242 1.000000
-0.001932 -1.406470 0.553582 0.424242 1.000000
-0.002665 -1.422746 0.560726 0.424242 1.000000
-0.004555 -1.437950 0.567870 0.424242 1.000000
-0.007332 -1.451724 0.575014 0.424242 1.000000
-0.010745 -1.463875 0.582158 0.424242 1.000000
-0.014582 -1.474341 0.589303 0.424242 1.000000
-0.018678 -1.483155 0.596447 0.424242 1.000000
-0.022915 -1.490400 0.603591 0.424242 1.000000
-0.027212 -1.496183 0.610735 0.424242 1.000000
-0.031516 -1.500616 0.617879 0.424242 1.000000
-0.056914 -1.492066 0.405374 0.439394 1.000000
-0.060243 -1.488302 0.411109 0.439394 1.000000
-0.063448 -1.483466 0.416844 0.439394 1.000000
-0.066482 -1.477516 0.422579 0.439394 1.000000
-0.069284 -1.470419 0.428314 0.439394 1.000000
-0.071772 -1.462160 0.434049 0.439394 1.000000
-0.073842 -1.452760 0.439784 0.439394 1.000000
-0.075370 -1.442293 0.445519 0.439394 1.000000
-0.076215 -1.430911 0.451253 0.439394 1.000000
-0.076231 -1.418859 0.456988 0.439394 1.000000
-0.075279 -1.406486 0.462723 0.439394 1.000000
-0.073251 -1.394240 0.468458 0.439394 1.000000
-0.070092 -1.382653 0.474193 0.439394 1.000000
-0.065820 -1.372302 0.479928 0.439394 1.000000
-0.060538 -1.363755 0.485663 0.439394 1.000000
-0.054441 -1.357524 0.491398 0.439394 1.000000
-0.047800 -1.354001 0.497133 0.439394 1.000000
-0.040945 -1.353420 0.502867 0.439394 1.000000
-0.034229 -1.355827 0.508602 0.439394 1.000000
-0.027997 -1.361076 0.514337 0.439394 1.000000
-0.022549 -1.368846 0.520072 0.439394 1.000000
-0.018114 -1.378672 0.525807 0.439394 1.000000
-0.014831 -1.390003 0.531542 0.439394 1.000000
-0.012746 -1.402247 0.537277 0.439394 1.000000
-0.011825 -1.414837 0.543012 0.439394 1.000000
-0.011962 -1.427267 0.548747 0.439394 1.000000
-0.013013 -1.439128 0.554481 0.439394 1.000000
-0.014814 -1.450116 0.560216 0.439394 1.000000
-0.017200 -1.460032 0.565951 0.439394 1.000000
-0.020024 -1.468765 0.571686 0.439394 1.000000
-0.023159 -1.476275 0.577421 0.439394 1.000000
-0.026505 -1.482567 0.583156 0.439394 1.000000
-0.029985 -1.487676 0.588891 0.439394 1.000000
-0.033542 -1.491650 0.594626 0.439394 1.000000
-0.054506 -1.482180 0.428843 0.454545 1.000000
-0.057108 -1.479024 0.433155 0.454545 1.000000
-0.059562 -1.475012 0.437468 0.454545 1.000000
-0.061825 -1.470143 0.441780 0.454545 1.000000
-0.063842 -1.464431 0.446093 0.454545 1.000000
-0.065550 -1.457909 0.450405 0.454545 1.000000
-0.066878 -1.450637 0.454718 0.454545 1.000000
-0.067744 -1.442718 0.459031 0.454545 1.000000
-0.068067 -1.434297 0.463343 0.454545 1.000000
-0.067769 -1.425576 0.467656 0.454545 1.000000
-0.066784 -1.416811 0.471968 0.454545 1.000000
-0.065070 -1.408303 0.476281 0.454545 1.000000
-0.062620 -1.400391 0.480593 0.454545 1.000000
-0.059468 -1.393427 0.484906 0.454545 1.000000
-0.055698 -1.387747 0.489219 0.454545 1.000000
-0.051438 -1.383647 0.493531 0.454545 1.000000
-0.046858 -1.381350 0.497844 0.454545 1.000000
-0.042157 -1.380990 0.502156 0.454545 1.000000
-0.037545 -1.382591 0.506469 0.454545 1.000000
-0.033230 -1.386070 0.510781 0.454545 1.000000
-0.029393 -1.391241 0.515094 0.454545 1.000000
-0.026179 -1.397838 0.519407 0.454545 1.000000
-0.023688 -1.405534 0.523719 0.454545 1.000000
-0.021969 -1.413975 0.528032 0.454545 1.000000
-0.021024 -1.422808 0.532344 0.454545 1.000000
-0.020813 -1.431702 0.536657 0.454545 1.000000
-0.021269 -1.440374 0.540969 0.454545 1.000000
-0.022307 -1.448590 0.545282 0.454545 1.000000
-0.023833 -1.456175 0.549595 0.454545 1.000000
-0.025754 -1.463005 0.553907 0.454545 1.000000
-0.027985 -1.469004 0.558220 0.454545 1.000000
-0.030450 -1.474130 0.562532 0.454545 1.000000
-0.033087 -1.478365 0.566845 0.454545 1.000000
-0.035842 -1.481711 0.571157 0.454545 1.000000
-0.051749 -1.471086 0.452472 0.469697 1.000000
-0.053558 -1.468729 0.455352 0.469697 1.000000
-0.055226 -1.465764 0.458233 0.469697 1.000000
-0.056718 -1.462219 0.461113 0.469697 1.000000
-0.057995 -1.458130 0.463994 0.469697 1.000000
-0.059018 -1.453550 0.466874 0.469697 1.000000
-0.059743 -1.448550 0.469755 0.469697 1.000000
-0.060131 -1.443224 0.472635 0.469697 1.000000
-0.060143 -1.437688 0.475516 0.469697 1.000000
-0.059747 -1.432081 0.478396 0.469697 1.000000
-0.058925 -1.426565 0.481277 0.469697 1.000000
-0.057669 -1.421317 0.484157 0.469697 1.000000
-0.055994 -1.416524 0.487038 0.469697 1.000000
-0.053932 -1.412370 0.489918 0.469697 1.000000
-0.051539 -1.409027 0.492799 0.469697 1.000000
-0.048891 -1.406640 0.495679 0.469697 1.000000
-0.046081 -1.405318 0.498560 0.469697 1.000000
-0.043212 -1.405124 0.501440 0.469697 1.000000
-0.040394 -1.406068 0.504321 0.469697 1.000000
-0.037735 -1.408111 0.507201 0.469697 1.000000
-0.035331 -1.411161 0.510082 0.469697 1.000000
-0.033263 -1.415087 0.512962 0.469697 1.000000
-0.031592 -1.419725 0.515843 0.469697 1.000000
-0.030357 -1.424891 0.518723 0.469697 1.000000
-0.029575 -1.430395 0.521604 0.469697 1.000000
-0.029241 -1.436050 0.524484 0.469697 1.000000
-0.029333 -1.441684 0.527365 0.469697 1.000000
-0.029819 -1.447143 0.530245 0.469697 1.000000
-0.030655 -1.452299 0.533126 0.469697 1.000000
-0.031796 -1.457047 0.536006 0.469697 1.000000
-0.033192 -1.461308 0.538887 0.469697 1.000000
-0.034798 -1.465020 0.541767 0.469697 1.000000
-0.036569 -1.468143 0.544648 0.469697 1.000000
-0.038465 -1.470650 0.547528 0.469697 1.000000
-0.048579 -1.458592 0.476209 0.484848 1.000000
-0.049522 -1.457268 0.477651 0.484848 1.000000
-0.050370 -1.455624 0.479093 0.484848 1.000000
-0.051104 -1.453685 0.480535 0.484848 1.000000
-0.051703 -1.451489 0.481977 0.484848 1.000000
-0.052150 -1.449077 0.483418 0.484848 1.000000
-0.052428 -1.446499 0.484860 0.484848 1.000000
-0.052525 -1.443813 0.486302 0.484848 1.000000
-0.052431 -1.441083 0.487744 0.484848 1.000000
-0.052140 -1.438381 0.489186 0.484848 1.000000
-0.051653 -1.435779 0.490628 0.484848 1.000000
-0.050976 -1.433353 0.492070 0.484848 1.000000
-0.050123 -1.431177 0.493512 0.484848 1.000000
-0.049113 -1.429323 0.494953 0.484848 1.000000
-0.047975 -1.427851 0.496395 0.484848 1.000000
-0.046739 -1.426812 0.497837 0.484848 1.000000
-0.045443 -1.426244 0.499279 0.484848 1.000000
-0.044127 -1.426167 0.500721 0.484848 1.000000
-0.042834 -1.426585 0.502163 0.484848 1.000000
-0.041603 -1.427483 0.503605 0.484848 1.000000
-0.040472 -1.428830 0.505047 0.484848 1.000000
-0.039474 -1.430580 0.506488 0.484848 1.000000
-0.038638 -1.432673 0.507930 0.484848 1.000000
-0.037984 -1.435043 0.509372 0.484848 1.000000
-0.037525 -1.437614 0.510814 0.484848 1.000000
-0.037269 -1.440310 0.512256 0.484848 1.000000
-0.037214 -1.443054 0.513698 0.484848 1.000000
-0.037355 -1.445775 0.515140 0.484848 1.000000
-0.037680 -1.448403 0.516582 0.484848 1.000000
-0.038176 -1.450878 0.518023 0.484848 1.000000
-0.038823 -1.453147 0.519465 0.484848 1.000000
-0.039602 -1.455164 0.520907 0.484848 1.000000
-0.040491 -1.456892 0.522349 0.484848 1.000000
-0.041469 -1.458302 0.523791 0.484848 1.000000
-0.044920 -1.444483 0.500000 0.500000 1.000000
-0.044920 -1.444483 0.500000 0.500000 1.000000
-0.044920 -1.444483 0.500000 0.500000 1.000000
-0.044920 -1.444483 0.500000 0.500000 1.000000
-0.044920 -1.444483 0.500000 0.500000 1.000000
-0.044920 -1.444483 0.500000 0.500000 1.000000
-0.044920 -1.444483 0.500000 0.500000 1.000000
-0.044920 -1.444483 0.500000 0.500000 1.000000
-0.044920 -1.444483 0.500000 0.500000 1.000000
-0.044920 -1.444483 0.500000 0.500000 1.000000
-0.044920 -1.444483 0.500000 0.500000 1.000000
-0.044920 -1.444483 0.500000 0.500000 1.000000
-0.044920 -1.444483 0.500000 0.500000 1.000000
-0.044920 -1.444483 0.500000 0.500000 1.000000
-0.044920 -1.444483 0.500000 0.500000 1.000000
-0.044920 -1.444483 0.500000 0.500000 1.000000
-0.044920 -1.444483 0.500000 0.500000 1.000000
-0.044920 -1.444483 0.500000 0.500000 1.000000
-0.044920 -1.444483 0.500000 0.500000 1.000000
-0.044920 -1.444483 0.500000 0.500000 1.000000
-0.044920 -1.444483 0.500000 0.500000 1.000000
-0.044920 -1.444483 0.500000 0.500000 1.000000
-0.044920 -1.444483 0.500000 0.500000 1.000000
-0.044920 -1.444483 0.500000 0.500000 1.000000
-0.044920 -1.444483 0.500000 0.500000 1.000000
-0.044920 -1.444483 0.500000 0.500000 1.000000
-0.044920 -1.444483 0.500000 0.500000 1.000000
-0.044920 -1.444483 0.500000 0.500000 1.000000
-0.044920 -1.444483 0.500000 0.500000 1.000000
-0.044920 -1.444483 0.500000 0.500000 1.000000
-0.044920 -1.444483 0.500000 0.500000 1.000000
-0.044920 -1.444483 0.500000 0.500000 1.000000
-0.044920 -1.444483 0.500000 0.500000 1.000000
-0.044920 -1.444483 0.500000 0.500000 1.000000
