2
34 34
-0.141056 -0.870661 0.000000 -0.000000 1.000000
-0.165979 -0.869111 0.030303 -0.000000 1.000000
-0.195656 -0.866932 0.060606 -0.000000 1.000000
-0.232916 -0.863680 0.090909 -0.000000 1.000000
-0.282395 -0.858461 0.121212 -0.000000 1.000000
-0.351698 -0.849389 0.151515 -0.000000 1.000000
-0.452130 -0.832462 0.181818 -0.000000 1.000000
-0.595303 -0.800053 0.212121 -0.000000 1.000000
-0.781736 -0.741221 0.242424 -0.000000 1.000000
-0.992040 -0.646023 0.272727 -0.000000 1.000000
-1.194621 -0.509601 0.303030 -0.000000 1.000000
-1.356889 -0.332196 0.333333 -0.000000 1.000000
-1.447627 -0.117883 0.363636 -0.000000 1.000000
-1.434089 0.125034 0.393939 -0.000000 1.000000
-1.279430 0.380487 0.424242 -0.000000 1.000000
-0.948353 0.616922 0.454545 -0.000000 1.000000
-0.436412 0.780621 0.484848 -0.000000 1.000000
0.179948 0.812708 0.515152 -0.000000 1.000000
0.751743 0.698806 0.545455 -0.000000 1.000000
1.163113 0.484887 0.575758 -0.000000 1.000000
1.389015 0.231321 0.606061 -0.000000 1.000000
1.456686 -0.021068 0.636364 -0.000000 1.000000
1.403407 -0.250801 0.666667 -0.000000 1.000000
1.262624 -0.446983 0.696970 -0.000000 1.000000
1.064135 -0.603919 0.727273 -0.000000 1.000000
0.837473 -0.719373 0.757576 -0.000000 1.000000
0.614026 -0.795042 0.787879 -0.000000 1.000000
0.423177 -0.837814 0.818182 -0.000000 1.000000
0.280403 -0.858691 0.848485 -0.000000 1.000000
0.181629 -0.868007 0.878788 -0.000000 1.000000
0.113748 -0.872068 0.909091 -0.000000 1.000000
0.065239 -0.873821 0.939394 -0.000000 1.000000
0.028605 -0.874514 0.969697 -0.000000 1.000000
-0.000669 -0.874679 1.000000 -0.000000 1.000000
-0.140182 -0.869048 0.000566 0.015152 1.000000
-0.164736 -0.867388 0.030835 0.015152 1.000000
-0.193887 -0.865051 0.061104 0.015152 1.000000
-0.230355 -0.861578 0.091372 0.015152 1.000000
-0.278568 -0.856066 0.121641 0.015152 1.000000
-0.345777 -0.846634 0.151910 0.015152 1.000000
-0.442773 -0.829348 0.182179 0.015152 1.000000
-0.580777 -0.796779 0.212447 0.015152 1.000000
-0.760481 -0.738312 0.242716 0.015152 1.000000
-0.962926 -0.644399 0.272985 0.015152 1.000000
-1.156713 -0.510704 0.303253 0.015152 1.000000
-1.309529 -0.338141 0.333522 0.015152 1.000000
-1.391006 -0.131567 0.363791 0.015152 1.000000
-1.370294 0.099920 0.394060 0.015152 1.000000
-1.214272 0.339862 0.424328 0.015152 1.000000
-0.893731 0.558136 0.454597 0.015152 1.000000
-0.409620 0.706703 0.484866 0.015152 1.000000
0.166694 0.735482 0.515134 0.015152 1.000000
0.703752 0.632565 0.545403 0.015152 1.000000
1.097363 0.436575 0.575672 0.015152 1.000000
1.320316 0.200211 0.605940 0.015152 1.000000
1.393322 -0.038728 0.636209 0.015152 1.000000
1.348911 -0.258953 0.666478 0.015152 1.000000
1.217936 -0.448908 0.696747 0.015152 1.000000
1.028908 -0.602141 0.727015 0.015152 1.000000
0.810809 -0.715723 0.757284 0.015152 1.000000
0.594900 -0.790762 0.787553 0.015152 1.000000
0.410409 -0.833672 0.817821 0.015152 1.000000
0.272409 -0.855061 0.848090 0.015152 1.000000
0.176737 -0.864949 0.878359 0.015152 1.000000
0.110717 -0.869490 0.908628 0.015152 1.000000
0.063321 -0.871603 0.938896 0.015152 1.000000
0.027381 -0.872557 0.969165 0.015152 1.000000
-0.001434 -0.872906 0.999434 0.015152 1.000000
-0.139306 -0.867454 0.002264 0.030303 1.000000
-0.163488 -0.865688 0.032430 0.030303 1.000000
-0.192111 -0.863197 0.062596 0.030303 1.000000
-0.227779 -0.859514 0.092761 0.030303 1.000000
-0.274710 -0.853725 0.122927 0.030303 1.000000
-0.339782 -0.843962 0.153093 0.030303 1.000000
-0.433219 -0.826375 0.183259 0.030303 1.000000
-0.565752 -0.793768 0.213425 0.030303 1.000000
-0.738199 -0.735907 0.243591 0.030303 1.000000
-0.932187 -0.643679 0.273756 0.030303 1.000000
-1.116754 -0.513253 0.303922 0.030303 1.000000
-1.260040 -0.346142 0.334088 0.030303 1.000000
-1.332622 -0.147876 0.364254 0.030303 1.000000
-1.305574 0.071817 0.394420 0.030303 1.000000
-1.149372 0.296319 0.424585 0.030303 1.000000
-0.840384 0.497122 0.454751 0.030303 1.000000
-0.384023 0.631562 0.484917 0.030303 1.000000
0.153493 0.657324 0.515083 0.030303 1.000000
0.656583 0.564607 0.545249 0.030303 1.000000
1.031891 0.385637 0.575415 0.030303 1.000000
1.250777 0.166112 0.605580 0.030303 1.000000
1.328140 -0.059218 0.635746 0.030303 1.000000
1.292020 -0.269473 0.665912 0.030303 1.000000
1.170717 -0.452619 0.696078 0.030303 1.000000
0.991406 -0.601574 0.726244 0.030303 1.000000
0.782425 -0.712804 0.756409 0.030303 1.000000
0.574721 -0.786879 0.786575 0.030303 1.000000
0.397134 -0.829740 0.816741 0.030303 1.000000
0.264209 -0.851550 0.846907 0.030303 1.000000
0.171761 -0.861966 0.877073 0.030303 1.000000
0.107645 -0.866961 0.907239 0.030303 1.000000
0.061380 -0.869421 0.937404 0.030303 1.000000
0.026143 -0.870626 0.967570 0.030303 1.000000
-0.002207 -0.871154 0.997736 0.030303 1.000000
-0.138425 -0.865872 0.005089 0.045455 1.000000
-0.162232 -0.864003 0.035084 0.045455 1.000000
-0.190322 -0.861365 0.065078 0.045455 1.000000
-0.225183 -0.857480 0.095073 0.045455 1.000000
-0.270818 -0.851431 0.125068 0.045455 1.000000
-0.333715 -0.841367 0.155062 0.045455 1.000000
-0.423494 -0.823536 0.185057 0.045455 1.000000
-0.550309 -0.791004 0.215051 0.045455 1.000000
-0.715049 -0.733972 0.245046 0.045455 1.000000
-0.900063 -0.643795 0.275041 0.045455 1.000000
-1.075060 -0.517115 0.305035 0.045455 1.000000
-1.208802 -0.355973 0.335030 0.045455 1.000000
-1.272900 -0.166455 0.365024 0.045455 1.000000
-1.240366 0.041242 0.395019 0.045455 1.000000
-1.085121 0.250556 0.425014 0.045455 1.000000
-0.788569 0.434739 0.455008 0.045455 1.000000
-0.359680 0.556135 0.485003 0.045455 1.000000
0.140467 0.579173 0.514997 0.045455 1.000000
0.610524 0.495820 0.544992 0.045455 1.000000
0.967113 0.332827 0.574986 0.045455 1.000000
1.180863 0.129606 0.604981 0.045455 1.000000
1.261601 -0.082118 0.634976 0.045455 1.000000
1.233163 -0.282077 0.664970 0.045455 1.000000
1.121339 -0.457940 0.694965 0.045455 1.000000
0.951935 -0.602119 0.724959 0.045455 1.000000
0.752546 -0.710568 0.754954 0.045455 1.000000
0.553637 -0.783374 0.784949 0.045455 1.000000
0.383428 -0.826010 0.814943 0.045455 1.000000
0.255826 -0.848152 0.844938 0.045455 1.000000
0.166703 -0.859049 0.874932 0.045455 1.000000
0.104532 -0.864475 0.904927 0.045455 1.000000
0.059414 -0.867266 0.934922 0.045455 1.000000
0.024888 -0.868715 0.964916 0.045455 1.000000
-0.002991 -0.869417 0.994911 0.045455 1.000000
-0.137537 -0.864296 0.009036 0.060606 1.000000
-0.160964 -0.862328 0.038791 0.060606 1.000000
-0.188516 -0.859548 0.068546 0.060606 1.000000
-0.222561 -0.855471 0.098302 0.060606 1.000000
-0.266885 -0.849177 0.128057 0.060606 1.000000
-0.327577 -0.838841 0.157813 0.060606 1.000000
-0.413622 -0.820820 0.187568 0.060606 1.000000
-0.534521 -0.788472 0.217324 0.060606 1.000000
-0.691181 -0.732474 0.247079 0.060606 1.000000
-0.866786 -0.644674 0.276834 0.060606 1.000000
-1.031936 -0.522158 0.306590 0.060606 1.000000
-1.156181 -0.367415 0.336345 0.060606 1.000000
-1.212245 -0.186971 0.366101 0.060606 1.000000
-1.175077 0.008666 0.395856 0.060606 1.000000
-1.021870 0.203190 0.425611 0.060606 1.000000
-0.738491 0.371709 0.455367 0.060606 1.000000
-0.336623 0.481164 0.485122 0.060606 1.000000
0.127708 0.501758 0.514878 0.060606 1.000000
0.565800 0.426924 0.544633 0.060606 1.000000
0.903390 0.278799 0.574389 0.060606 1.000000
1.111006 0.091221 0.604144 0.060606 1.000000
1.194146 -0.107038 0.633899 0.060606 1.000000
1.172751 -0.296497 0.663655 0.060606 1.000000
1.070165 -0.464700 0.693410 0.060606 1.000000
0.910792 -0.603679 0.723166 0.060606 1.000000
0.721398 -0.708966 0.752921 0.060606 1.000000
0.531790 -0.780225 0.782676 0.060606 1.000000
0.369355 -0.822472 0.812432 0.060606 1.000000
0.247282 -0.844859 0.842187 0.060606 1.000000
0.161564 -0.856192 0.871943 0.060606 1.000000
0.101372 -0.862023 0.901698 0.060606 1.000000
0.057420 -0.865132 0.931454 0.060606 1.000000
0.023615 -0.866816 0.961209 0.060606 1.000000
-0.003789 -0.867689 0.990964 0.060606 1.000000
-0.136637 -0.862721 0.014094 0.075758 1.000000
-0.159680 -0.860656 0.043543 0.075758 1.000000
-0.186688 -0.857739 0.072992 0.075758 1.000000
-0.219908 -0.853478 0.102441 0.075758 1.000000
-0.262907 -0.846955 0.131890 0.075758 1.000000
-0.321369 -0.836376 0.161338 0.075758 1.000000
-0.403619 -0.818219 0.190787 0.075758 1.000000
-0.518453 -0.786158 0.220236 0.075758 1.000000
-0.666739 -0.731380 0.249685 0.075758 1.000000
-0.832582 -0.646248 0.279134 0.075758 1.000000
-0.987680 -0.528256 0.308583 0.075758 1.000000
-1.102527 -0.380260 0.338031 0.075758 1.000000
-1.151038 -0.209114 0.367480 0.075758 1.000000
-1.110080 -0.025483 0.396929 0.075758 1.000000
-0.959914 0.154758 0.426378 0.075758 1.000000
-0.690298 0.308619 0.455827 0.075758 1.000000
-0.314855 0.407209 0.485276 0.075758 1.000000
0.115282 0.425623 0.514724 0.075758 1.000000
0.522573 0.358493 0.544173 0.075758 1.000000
0.841024 0.224109 0.573622 0.075758 1.000000
1.041600 0.051427 0.603071 0.075758 1.000000
1.126189 -0.133618 0.632520 0.075758 1.000000
1.111179 -0.312479 0.661969 0.075758 1.000000
1.017546 -0.472734 0.691417 0.075758 1.000000
0.868269 -0.606157 0.720866 0.075758 1.000000
0.689198 -0.707950 0.750315 0.075758 1.000000
0.509316 -0.777413 0.779764 0.075758 1.000000
0.354977 -0.819116 0.809213 0.075758 1.000000
0.238591 -0.841665 0.838662 0.075758 1.000000
0.156345 -0.853387 0.868110 0.075758 1.000000
0.098162 -0.859598 0.897559 0.075758 1.000000
0.055391 -0.863012 0.927008 0.075758 1.000000
0.022318 -0.864924 0.956457 0.075758 1.000000
-0.004601 -0.865962 0.985906 0.075758 1.000000
-0.135724 -0.861141 0.020254 0.090909 1.000000
-0.158376 -0.858982 0.049329 0.090909 1.000000
-0.184831 -0.855932 0.078405 0.090909 1.000000
-0.217216 -0.851497 0.107480 0.090909 1.000000
-0.258876 -0.844761 0.136556 0.090909 1.000000
-0.315086 -0.833966 0.165631 0.090909 1.000000
-0.393501 -0.815726 0.194707 0.090909 1.000000
-0.502165 -0.784046 0.223782 0.090909 1.000000
-0.641858 -0.730657 0.252858 0.090909 1.000000
-0.797670 -0.648447 0.281933 0.090909 1.000000
-0.942579 -0.535284 0.311009 0.090909 1.000000
-1.048178 -0.394309 0.340085 0.090909 1.000000
-1.089637 -0.232593 0.369160 0.090909 1.000000
-1.045711 -0.060818 0.398236 0.090909 1.000000
-0.899498 0.105722 0.427311 0.090909 1.000000
-0.644084 0.245942 0.456387 0.090909 1.000000
-0.294355 0.334686 0.485462 0.090909 1.000000
0.103236 0.351157 0.514538 0.090909 1.000000
0.480950 0.290968 0.543613 0.090909 1.000000
0.780256 0.169222 0.572689 0.090909 1.000000
0.972990 0.010640 0.601764 0.090909 1.000000
1.058117 -0.161531 0.630840 0.090909 1.000000
1.048825 -0.329786 0.659915 0.090909 1.000000
0.963823 -0.481885 0.688991 0.090909 1.000000
0.824651 -0.609461 0.718067 0.090909 1.000000
0.656159 -0.707473 0.747142 0.090909 1.000000
0.486341 -0.774915 0.776218 0.090909 1.000000
0.340348 -0.815933 0.805293 0.090909 1.000000
0.229768 -0.838561 0.834369 0.090909 1.000000
0.151044 -0.850628 0.863444 0.090909 1.000000
0.094896 -0.857194 0.892520 0.090909 1.000000
0.053325 -0.860899 0.921595 0.090909 1.000000
0.020995 -0.863032 0.950671 0.090909 1.000000
-0.005432 -0.864231 0.979746 0.090909 1.000000
-0.134792 -0.859549 0.027500 0.106061 1.000000
-0.157047 -0.857299 0.056136 0.106061 1.000000
-0.182940 -0.854122 0.084772 0.106061 1.000000
-0.214479 -0.849520 0.113409 0.106061 1.000000
-0.254784 -0.842586 0.142045 0.106061 1.000000
-0.308724 -0.831605 0.170682 0.106061 1.000000
-0.383278 -0.813332 0.199318 0.106061 1.000000
-0.485711 -0.782125 0.227954 0.106061 1.000000
-0.616667 -0.730274 0.256591 0.106061 1.000000
-0.762261 -0.651205 0.285227 0.106061 1.000000
-0.896911 -0.543122 0.313863 0.106061 1.000000
-0.993455 -0.409373 0.342500 0.106061 1.000000
-1.028377 -0.257142 0.371136 0.106061 1.000000
-0.982268 -0.096993 0.399773 0.106061 1.000000
-0.840820 0.056476 0.428409 0.106061 1.000000
-0.599900 0.184050 0.457045 0.106061 1.000000
-0.275086 0.263891 0.485682 0.106061 1.000000
0.091595 0.278633 0.514318 0.106061 1.000000
0.440991 0.224685 0.542955 0.106061 1.000000
0.721271 0.114527 0.571591 0.106061 1.000000
0.905481 -0.030773 0.600227 0.106061 1.000000
0.990288 -0.190476 0.628864 0.106061 1.000000
0.986050 -0.348196 0.657500 0.106061 1.000000
0.909327 -0.492002 0.686137 0.106061 1.000000
0.780216 -0.613499 0.714773 0.106061 1.000000
0.622484 -0.707486 0.743409 0.106061 1.000000
0.462987 -0.772712 0.772046 0.106061 1.000000
0.325517 -0.812914 0.800682 0.106061 1.000000
0.220820 -0.835542 0.829318 0.106061 1.000000
0.145657 -0.847908 0.857955 0.106061 1.000000
0.091568 -0.854804 0.886591 0.106061 1.000000
0.051214 -0.858786 0.915228 0.106061 1.000000
0.019641 -0.861133 0.943864 0.106061 1.000000
-0.006284 -0.862490 0.972500 0.106061 1.000000
-0.133840 -0.857939 0.035816 0.121212 1.000000
-0.155688 -0.855601 0.063948 0.121212 1.000000
-0.181009 -0.852301 0.092081 0.121212 1.000000
-0.211688 -0.847542 0.120213 0.121212 1.000000
-0.250623 -0.840425 0.148345 0.121212 1.000000
-0.302278 -0.829286 0.176478 0.121212 1.000000
-0.372957 -0.811032 0.204610 0.121212 1.000000
-0.469137 -0.780380 0.232743 0.121212 1.000000
-0.591284 -0.730200 0.260875 0.121212 1.000000
-0.726555 -0.654457 0.289007 0.121212 1.000000
-0.850943 -0.551656 0.317140 0.121212 1.000000
-0.938664 -0.425277 0.345272 0.121212 1.000000
-0.967566 -0.282513 0.373404 0.121212 1.000000
-0.920013 -0.133701 0.401537 0.121212 1.000000
-0.784032 0.007352 0.429669 0.121212 1.000000
-0.557762 0.123235 0.457801 0.121212 1.000000
-0.257000 0.195032 0.485934 0.121212 1.000000
0.080375 0.208235 0.514066 0.121212 1.000000
0.402721 0.159895 0.542199 0.121212 1.000000
0.664207 0.060339 0.570331 0.121212 1.000000
0.839334 -0.072492 0.598463 0.121212 1.000000
0.923033 -0.220180 0.626596 0.121212 1.000000
0.923196 -0.367501 0.654728 0.121212 1.000000
0.854377 -0.502944 0.682860 0.121212 1.000000
0.735231 -0.618185 0.710993 0.121212 1.000000
0.588371 -0.707946 0.739125 0.121212 1.000000
0.439365 -0.770785 0.767257 0.121212 1.000000
0.310525 -0.810051 0.795390 0.121212 1.000000
0.211757 -0.832602 0.823522 0.121212 1.000000
0.140178 -0.845220 0.851655 0.121212 1.000000
0.088172 -0.852421 0.879787 0.121212 1.000000
0.049052 -0.856667 0.907919 0.121212 1.000000
0.018251 -0.859220 0.936052 0.121212 1.000000
-0.007160 -0.860731 0.964184 0.121212 1.000000
-0.132861 -0.856306 0.045184 0.136364 1.000000
-0.154294 -0.853882 0.072749 0.136364 1.000000
-0.179030 -0.850464 0.100313 0.136364 1.000000
-0.208834 -0.845555 0.127878 0.136364 1.000000
-0.246384 -0.838273 0.155442 0.136364 1.000000
-0.295741 -0.827004 0.183007 0.136364 1.000000
-0.362545 -0.808818 0.210572 0.136364 1.000000
-0.452486 -0.778801 0.238136 0.136364 1.000000
-0.565821 -0.730406 0.265701 0.136364 1.000000
-0.690746 -0.658141 0.293265 0.136364 1.000000
-0.804932 -0.560776 0.320830 0.136364 1.000000
-0.884095 -0.441851 0.348395 0.136364 1.000000
-0.907492 -0.308480 0.375959 0.136364 1.000000
-0.859177 -0.170667 0.403524 0.136364 1.000000
-0.729250 -0.041369 0.431088 0.136364 1.000000
-0.517661 0.063723 0.458653 0.136364 1.000000
-0.240044 0.128251 0.486218 0.136364 1.000000
0.069583 0.140080 0.513782 0.136364 1.000000
0.366140 0.096784 0.541347 0.136364 1.000000
0.609165 0.006922 0.568912 0.136364 1.000000
0.774771 -0.114237 0.596476 0.136364 1.000000
0.856650 -0.250394 0.624041 0.136364 1.000000
0.860589 -0.387508 0.651605 0.136364 1.000000
0.799280 -0.514574 0.679170 0.136364 1.000000
0.689959 -0.623433 0.706735 0.136364 1.000000
0.554009 -0.708806 0.734299 0.136364 1.000000
0.415582 -0.769114 0.761864 0.136364 1.000000
0.295410 -0.807335 0.789428 0.136364 1.000000
0.202581 -0.829734 0.816993 0.136364 1.000000
0.134602 -0.842558 0.844558 0.136364 1.000000
0.084698 -0.850038 0.872122 0.136364 1.000000
0.046834 -0.854535 0.899687 0.136364 1.000000
0.016820 -0.857288 0.927251 0.136364 1.000000
-0.008064 -0.858949 0.954816 0.136364 1.000000
-0.131853 -0.854642 0.055582 0.151515 1.000000
-0.152858 -0.852134 0.082517 0.151515 1.000000
-0.176996 -0.848604 0.109451 0.151515 1.000000
-0.205909 -0.843555 0.136385 0.151515 1.000000
-0.242056 -0.836122 0.163320 0.151515 1.000000
-0.289103 -0.824753 0.190254 0.151515 1.000000
-0.352044 -0.806684 0.217189 0.151515 1.000000
-0.435793 -0.777376 0.244123 0.151515 1.000000
-0.540378 -0.730865 0.271058 0.151515 1.000000
-0.655013 -0.662197 0.297992 0.151515 1.000000
-0.759121 -0.570377 0.324926 0.151515 1.000000
-0.830024 -0.458940 0.351861 0.151515 1.000000
-0.848415 -0.334833 0.378795 0.151515 1.000000
-0.799959 -0.207648 0.405730 0.151515 1.000000
-0.676563 -0.089447 0.432664 0.151515 1.000000
-0.479572 0.005690 0.459598 0.151515 1.000000
-0.224163 0.063641 0.486533 0.151515 1.000000
0.059218 0.074241 0.513467 0.151515 1.000000
0.331234 0.035487 0.540402 0.151515 1.000000
0.556212 -0.045512 0.567336 0.151515 1.000000
0.711981 -0.155764 0.594270 0.151515 1.000000
0.791415 -0.280895 0.621205 0.151515 1.000000
0.798533 -0.408037 0.648139 0.151515 1.000000
0.744330 -0.526766 0.675074 0.151515 1.000000
0.644649 -0.629165 0.702008 0.151515 1.000000
0.519577 -0.710026 0.728942 0.151515 1.000000
0.391732 -0.767681 0.755877 0.151515 1.000000
0.280206 -0.804758 0.782811 0.151515 1.000000
0.193294 -0.826933 0.809746 0.151515 1.000000
0.128922 -0.839917 0.836680 0.151515 1.000000
0.081139 -0.847650 0.863615 0.151515 1.000000
0.044551 -0.852383 0.890549 0.151515 1.000000
0.015343 -0.855328 0.917483 0.151515 1.000000
-0.009000 -0.857136 0.944418 0.151515 1.000000
-0.130811 -0.852940 0.066987 0.166667 1.000000
-0.151375 -0.850352 0.093230 0.166667 1.000000
-0.174898 -0.846713 0.119474 0.166667 1.000000
-0.202902 -0.841533 0.145717 0.166667 1.000000
-0.237628 -0.833968 0.171960 0.166667 1.000000
-0.282356 -0.822529 0.198203 0.166667 1.000000
-0.341454 -0.804625 0.224446 0.166667 1.000000
-0.419089 -0.776093 0.250690 0.166667 1.000000
-0.515047 -0.731551 0.276933 0.166667 1.000000
-0.619527 -0.666568 0.303176 0.166667 1.000000
-0.713743 -0.580359 0.329419 0.166667 1.000000
-0.776706 -0.476396 0.355662 0.166667 1.000000
-0.790579 -0.361383 0.381906 0.166667 1.000000
-0.742530 -0.244428 0.408149 0.166667 1.000000
-0.626032 -0.136684 0.434392 0.166667 1.000000
-0.443457 -0.050726 0.460635 0.166667 1.000000
-0.209302 0.001266 0.486878 0.166667 1.000000
0.049277 0.010763 0.513122 0.166667 1.000000
0.297975 -0.023894 0.539365 0.166667 1.000000
0.505395 -0.096786 0.565608 0.166667 1.000000
0.651126 -0.196861 0.591851 0.166667 1.000000
0.727576 -0.311480 0.618094 0.166667 1.000000
0.737318 -0.428923 0.644338 0.166667 1.000000
0.689812 -0.539397 0.670581 0.166667 1.000000
0.599542 -0.635303 0.696824 0.166667 1.000000
0.485244 -0.711564 0.723067 0.166667 1.000000
0.367903 -0.766468 0.749310 0.166667 1.000000
0.264940 -0.802312 0.775554 0.166667 1.000000
0.183898 -0.824192 0.801797 0.166667 1.000000
0.123127 -0.837290 0.828040 0.166667 1.000000
0.077485 -0.845248 0.854283 0.166667 1.000000
0.042195 -0.850204 0.880526 0.166667 1.000000
0.013812 -0.853334 0.906770 0.166667 1.000000
-0.009973 -0.855284 0.933013 0.166667 1.000000
-0.129728 -0.851193 0.079373 0.181818 1.000000
-0.149836 -0.848527 0.104866 0.181818 1.000000
-0.172727 -0.844785 0.130358 0.181818 1.000000
-0.199802 -0.839484 0.155851 0.181818 1.000000
-0.233086 -0.831803 0.181343 0.181818 1.000000
-0.275488 -0.820325 0.206836 0.181818 1.000000
-0.330775 -0.802635 0.232328 0.181818 1.000000
-0.402401 -0.774944 0.257821 0.181818 1.000000
-0.489911 -0.732440 0.283313 0.181818 1.000000
-0.584443 -0.671202 0.308806 0.181818 1.000000
-0.669013 -0.590630 0.334299 0.181818 1.000000
-0.724385 -0.494081 0.359791 0.181818 1.000000
-0.734201 -0.387954 0.385284 0.181818 1.000000
-0.687042 -0.280817 0.410776 0.181818 1.000000
-0.577703 -0.182909 0.436269 0.181818 1.000000
-0.409275 -0.105417 0.461761 0.181818 1.000000
-0.195410 -0.058837 0.487254 0.181818 1.000000
0.039756 -0.050333 0.512746 0.181818 1.000000
0.266334 -0.081285 0.538239 0.181818 1.000000
0.456744 -0.146757 0.563731 0.181818 1.000000
0.592340 -0.237342 0.589224 0.181818 1.000000
0.665358 -0.341966 0.614716 0.181818 1.000000
0.677212 -0.450011 0.640209 0.181818 1.000000
0.635992 -0.552355 0.665701 0.181818 1.000000
0.554866 -0.641774 0.691194 0.181818 1.000000
0.451166 -0.713381 0.716687 0.181818 1.000000
0.344173 -0.765458 0.742179 0.181818 1.000000
0.249635 -0.799990 0.767672 0.181818 1.000000
0.174389 -0.821508 0.793164 0.181818 1.000000
0.117210 -0.834671 0.818657 0.181818 1.000000
0.073725 -0.842827 0.844149 0.181818 1.000000
0.039756 -0.847990 0.869642 0.181818 1.000000
0.012222 -0.851297 0.895134 0.181818 1.000000
-0.010988 -0.853387 0.920627 0.181818 1.000000
-0.128599 -0.849392 0.092712 0.196970 1.000000
-0.148234 -0.846652 0.117396 0.196970 1.000000
-0.170473 -0.842813 0.142080 0.196970 1.000000
-0.196596 -0.837401 0.166764 0.196970 1.000000
-0.228418 -0.829623 0.191449 0.196970 1.000000
-0.268487 -0.818136 0.216133 0.196970 1.000000
-0.320002 -0.800709 0.240817 0.196970 1.000000
-0.385750 -0.773920 0.265501 0.196970 1.000000
-0.465043 -0.733507 0.290185 0.196970 1.000000
-0.549906 -0.676047 0.314869 0.196970 1.000000
-0.625133 -0.601101 0.339553 0.196970 1.000000
-0.673283 -0.511868 0.364237 0.196970 1.000000
-0.679482 -0.414387 0.388921 0.196970 1.000000
-0.633622 -0.316643 0.413606 0.196970 1.000000
-0.531608 -0.227976 0.438290 0.196970 1.000000
-0.376980 -0.158298 0.462974 0.196970 1.000000
-0.182438 -0.116641 0.487658 0.196970 1.000000
0.030649 -0.109035 0.512342 0.196970 1.000000
0.236277 -0.136630 0.537026 0.196970 1.000000
0.410277 -0.195301 0.561710 0.196970 1.000000
0.535741 -0.277046 0.586394 0.196970 1.000000
0.604966 -0.372185 0.611079 0.196970 1.000000
0.618467 -0.471158 0.635763 0.196970 1.000000
0.583126 -0.565533 0.660447 0.196970 1.000000
0.510835 -0.648509 0.685131 0.196970 1.000000
0.417488 -0.715441 0.709815 0.196970 1.000000
0.320613 -0.764635 0.734499 0.196970 1.000000
0.234311 -0.797785 0.759183 0.196970 1.000000
0.164765 -0.818874 0.783867 0.196970 1.000000
0.111157 -0.832055 0.808551 0.196970 1.000000
0.069846 -0.840380 0.833236 0.196970 1.000000
0.037225 -0.845734 0.857920 0.196970 1.000000
0.010563 -0.849209 0.882604 0.196970 1.000000
-0.012050 -0.851435 0.907288 0.196970 1.000000
-0.127417 -0.847528 0.106973 0.212121 1.000000
-0.146559 -0.844717 0.130793 0.212121 1.000000
-0.168125 -0.840786 0.154613 0.212121 1.000000
-0.193270 -0.835275 0.178433 0.212121 1.000000
-0.223609 -0.827420 0.202253 0.212121 1.000000
-0.261340 -0.815959 0.226072 0.212121 1.000000
-0.309132 -0.798843 0.249892 0.212121 1.000000
-0.369153 -0.773011 0.273712 0.212121 1.000000
-0.440507 -0.734732 0.297532 0.212121 1.000000
-0.516044 -0.681057 0.321352 0.212121 1.000000
-0.582290 -0.611689 0.345171 0.212121 1.000000
-0.623609 -0.529638 0.368991 0.212121 1.000000
-0.626604 -0.440534 0.392811 0.212121 1.000000
-0.582385 -0.351756 0.416631 0.212121 1.000000
-0.487769 -0.271761 0.440451 0.212121 1.000000
-0.346530 -0.209298 0.464270 0.212121 1.000000
-0.170345 -0.172130 0.488090 0.212121 1.000000
0.021949 -0.165340 0.511910 0.212121 1.000000
0.207772 -0.189886 0.535730 0.212121 1.000000
0.366004 -0.242317 0.559549 0.212121 1.000000
0.481428 -0.315831 0.583369 0.212121 1.000000
0.546585 -0.401988 0.607189 0.212121 1.000000
0.561318 -0.492231 0.631009 0.212121 1.000000
0.531451 -0.578829 0.654829 0.212121 1.000000
0.467649 -0.655444 0.678648 0.212121 1.000000
0.384342 -0.717710 0.702468 0.212121 1.000000
0.297285 -0.763985 0.726288 0.212121 1.000000
0.218984 -0.795690 0.750108 0.212121 1.000000
0.155020 -0.816285 0.773928 0.212121 1.000000
0.104957 -0.829436 0.797747 0.212121 1.000000
0.065836 -0.837898 0.821567 0.212121 1.000000
0.034591 -0.843426 0.845387 0.212121 1.000000
0.008827 -0.847062 0.869207 0.212121 1.000000
-0.013166 -0.849418 0.893027 0.212121 1.000000
-0.126174 -0.845591 0.122125 0.227273 1.000000
-0.144802 -0.842712 0.145027 0.227273 1.000000
-0.165668 -0.838698 0.167928 0.227273 1.000000
-0.189810 -0.833100 0.190830 0.227273 1.000000
-0.218642 -0.825190 0.213731 0.227273 1.000000
-0.254033 -0.813789 0.236633 0.227273 1.000000
-0.298157 -0.797032 0.259534 0.227273 1.000000
-0.352627 -0.772210 0.282436 0.227273 1.000000
-0.416357 -0.736096 0.305337 0.227273 1.000000
-0.482972 -0.686188 0.328239 0.227273 1.000000
-0.540652 -0.622318 0.351140 0.227273 1.000000
-0.575549 -0.547279 0.374042 0.227273 1.000000
-0.575730 -0.466263 0.396943 0.227273 1.000000
-0.533427 -0.386019 0.419845 0.227273 1.000000
-0.446202 -0.314154 0.442746 0.227273 1.000000
-0.317884 -0.258357 0.465648 0.227273 1.000000
-0.159089 -0.225293 0.488549 0.227273 1.000000
0.013651 -0.219244 0.511451 0.227273 1.000000
0.180789 -0.241015 0.534352 0.227273 1.000000
0.323932 -0.287717 0.557254 0.227273 1.000000
0.429487 -0.353568 0.580155 0.227273 1.000000
0.490382 -0.431237 0.603057 0.227273 1.000000
0.505982 -0.513108 0.625958 0.227273 1.000000
0.481188 -0.592150 0.648860 0.227273 1.000000
0.425492 -0.662517 0.671761 0.227273 1.000000
0.351846 -0.720154 0.694663 0.227273 1.000000
0.274242 -0.763493 0.717564 0.227273 1.000000
0.203666 -0.793699 0.740466 0.227273 1.000000
0.145147 -0.813738 0.763367 0.227273 1.000000
0.098597 -0.826807 0.786269 0.227273 1.000000
0.061681 -0.835376 0.809170 0.227273 1.000000
0.031839 -0.841059 0.832072 0.227273 1.000000
0.007004 -0.844845 0.854973 0.227273 1.000000
-0.014344 -0.847327 0.877875 0.227273 1.000000
-0.124862 -0.843569 0.138133 0.242424 1.000000
-0.142951 -0.840627 0.160064 0.242424 1.000000
-0.163090 -0.836537 0.181996 0.242424 1.000000
-0.186199 -0.830866 0.203927 0.242424 1.000000
-0.213499 -0.822924 0.225858 0.242424 1.000000
-0.246549 -0.811619 0.247790 0.242424 1.000000
-0.287071 -0.795272 0.269721 0.242424 1.000000
-0.336180 -0.771510 0.291652 0.242424 1.000000
-0.392640 -0.737581 0.313584 0.242424 1.000000
-0.450789 -0.691401 0.335515 0.242424 1.000000
-0.500370 -0.632917 0.357446 0.242424 1.000000
-0.529276 -0.564690 0.379378 0.242424 1.000000
-0.527006 -0.491449 0.401309 0.242424 1.000000
-0.486835 -0.419308 0.423240 0.242424 1.000000
-0.406919 -0.355058 0.445172 0.242424 1.000000
-0.291004 -0.305424 0.467103 0.242424 1.000000
-0.148638 -0.276116 0.489034 0.242424 1.000000
0.005752 -0.270745 0.510966 0.242424 1.000000
0.155301 -0.289987 0.532897 0.242424 1.000000
0.284066 -0.331422 0.554828 0.242424 1.000000
0.379996 -0.390144 0.576760 0.242424 1.000000
0.436510 -0.459809 0.598691 0.242424 1.000000
0.452658 -0.533677 0.620622 0.242424 1.000000
0.432542 -0.605409 0.642554 0.242424 1.000000
0.384529 -0.669672 0.664485 0.242424 1.000000
0.320102 -0.722743 0.686416 0.242424 1.000000
0.251529 -0.763146 0.708348 0.242424 1.000000
0.188369 -0.791806 0.730279 0.242424 1.000000
0.135139 -0.811227 0.752210 0.242424 1.000000
0.092061 -0.824164 0.774142 0.242424 1.000000
0.057363 -0.832804 0.796073 0.242424 1.000000
0.028957 -0.838622 0.818004 0.242424 1.000000
0.005082 -0.842547 0.839936 0.242424 1.000000
-0.015591 -0.845150 0.861867 0.242424 1.000000
-0.123469 -0.841449 0.154960 0.257576 1.000000
-0.140991 -0.838450 0.175872 0.257576 1.000000
-0.160373 -0.834293 0.196783 0.257576 1.000000
-0.182417 -0.828565 0.217695 0.257576 1.000000
-0.208160 -0.820617 0.238606 0.257576 1.000000
-0.238871 -0.809447 0.259518 0.257576 1.000000
-0.275864 -0.793560 0.280429 0.257576 1.000000
-0.319821 -0.770904 0.301341 0.257576 1.000000
-0.369394 -0.739170 0.322252 0.257576 1.000000
-0.419579 -0.696659 0.343164 0.257576 1.000000
-0.461572 -0.643421 0.364075 0.257576 1.000000
-0.484938 -0.581777 0.384987 0.257576 1.000000
-0.480563 -0.515982 0.405898 0.257576 1.000000
-0.442683 -0.451514 0.426810 0.257576 1.000000
-0.369927 -0.394386 0.447721 0.257576 1.000000
-0.265855 -0.350451 0.468633 0.257576 1.000000
-0.138960 -0.324588 0.489544 0.257576 1.000000
-0.001752 -0.319838 0.510456 0.257576 1.000000
0.131288 -0.336771 0.531367 0.257576 1.000000
0.246409 -0.373364 0.552279 0.257576 1.000000
0.333022 -0.425458 0.573190 0.257576 1.000000
0.385105 -0.487588 0.594102 0.257576 1.000000
0.401526 -0.553830 0.615013 0.257576 1.000000
0.385695 -0.618524 0.635925 0.257576 1.000000
0.344907 -0.676855 0.656836 0.257576 1.000000
0.289200 -0.725451 0.677748 0.257576 1.000000
0.229185 -0.762931 0.698659 0.257576 1.000000
0.173097 -0.790007 0.719571 0.257576 1.000000
0.124986 -0.808749 0.740482 0.257576 1.000000
0.085333 -0.821500 0.761394 0.257576 1.000000
0.052866 -0.830174 0.782305 0.257576 1.000000
0.025927 -0.836105 0.803217 0.257576 1.000000
0.003049 -0.840157 0.824128 0.257576 1.000000
-0.016917 -0.842874 0.845040 0.257576 1.000000
-0.121985 -0.839217 0.172570 0.272727 1.000000
-0.138909 -0.836167 0.192414 0.272727 1.000000
-0.157498 -0.831955 0.212258 0.272727 1.000000
-0.178444 -0.826186 0.232102 0.272727 1.000000
-0.202604 -0.818260 0.251947 0.272727 1.000000
-0.230982 -0.807268 0.271791 0.272727 1.000000
-0.264526 -0.791892 0.291635 0.272727 1.000000
-0.303556 -0.770387 0.311479 0.272727 1.000000
-0.346648 -0.740848 0.331324 0.272727 1.000000
-0.389411 -0.701931 0.351168 0.272727 1.000000
-0.424370 -0.653771 0.371012 0.272727 1.000000
-0.442666 -0.598455 0.390857 0.272727 1.000000
-0.436513 -0.539759 0.410701 0.272727 1.000000
-0.401033 -0.482534 0.430545 0.272727 1.000000
-0.335233 -0.432059 0.450389 0.272727 1.000000
-0.242409 -0.393394 0.470234 0.272727 1.000000
-0.130030 -0.370692 0.490078 0.272727 1.000000
-0.008863 -0.366514 0.509922 0.272727 1.000000
0.108729 -0.381339 0.529766 0.272727 1.000000
0.210964 -0.413475 0.549611 0.272727 1.000000
0.288624 -0.459415 0.569455 0.272727 1.000000
0.336289 -0.514469 0.589299 0.272727 1.000000
0.352746 -0.573473 0.609143 0.272727 1.000000
0.340809 -0.631421 0.628988 0.272727 1.000000
0.306751 -0.684020 0.648832 0.272727 1.000000
0.259213 -0.728250 0.668676 0.272727 1.000000
0.207241 -0.762838 0.688521 0.272727 1.000000
0.157857 -0.788294 0.708365 0.272727 1.000000
0.114678 -0.806298 0.728209 0.272727 1.000000
0.078395 -0.818809 0.748053 0.272727 1.000000
0.048170 -0.827478 0.767898 0.272727 1.000000
0.022732 -0.833497 0.787742 0.272727 1.000000
0.000888 -0.837661 0.807586 0.272727 1.000000
-0.018335 -0.840484 0.827430 0.272727 1.000000
-0.120396 -0.836856 0.190921 0.287879 1.000000
-0.136687 -0.833763 0.209653 0.287879 1.000000
-0.154446 -0.829507 0.228385 0.287879 1.000000
-0.174255 -0.823720 0.247117 0.287879 1.000000
-0.196807 -0.815848 0.265849 0.287879 1.000000
-0.222860 -0.805077 0.284581 0.287879 1.000000
-0.253046 -0.790265 0.303313 0.287879 1.000000
-0.287387 -0.769953 0.322045 0.287879 1.000000
-0.324427 -0.742602 0.340777 0.287879 1.000000
-0.360338 -0.707186 0.359509 0.287879 1.000000
-0.388850 -0.663917 0.378241 0.287879 1.000000
-0.402565 -0.614647 0.396974 0.287879 1.000000
-0.394948 -0.562686 0.415706 0.287879 1.000000
-0.361938 -0.512276 0.434438 0.287879 1.000000
-0.302839 -0.468002 0.453170 0.287879 1.000000
-0.220638 -0.434206 0.471902 0.287879 1.000000
-0.121823 -0.414410 0.490634 0.287879 1.000000
-0.015581 -0.410758 0.509366 0.287879 1.000000
0.087611 -0.423656 0.528098 0.287879 1.000000
0.177738 -0.451696 0.546830 0.287879 1.000000
0.246856 -0.491928 0.565562 0.287879 1.000000
0.290169 -0.540356 0.584294 0.287879 1.000000
0.306460 -0.592516 0.603026 0.287879 1.000000
0.298021 -0.644030 0.621759 0.287879 1.000000
0.270165 -0.691121 0.640491 0.287879 1.000000
0.230201 -0.731119 0.659223 0.287879 1.000000
0.185719 -0.762856 0.677955 0.287879 1.000000
0.142650 -0.786665 0.696687 0.287879 1.000000
0.104203 -0.803872 0.715419 0.287879 1.000000
0.071227 -0.816085 0.734151 0.287879 1.000000
0.043252 -0.824706 0.752883 0.287879 1.000000
0.019351 -0.830785 0.771615 0.287879 1.000000
-0.001417 -0.835044 0.790347 0.287879 1.000000
-0.019856 -0.837963 0.809079 0.287879 1.000000
-0.118685 -0.834347 0.209972 0.303030 1.000000
-0.134303 -0.831220 0.227549 0.303030 1.000000
-0.151191 -0.826937 0.245127 0.303030 1.000000
-0.169825 -0.821154 0.262704 0.303030 1.000000
-0.190742 -0.813371 0.280281 0.303030 1.000000
-0.214483 -0.802869 0.297859 0.303030 1.000000
-0.241412 -0.788677 0.315436 0.303030 1.000000
-0.271314 -0.769596 0.333014 0.303030 1.000000
-0.302746 -0.744421 0.350591 0.303030 1.000000
-0.332397 -0.712401 0.368169 0.303030 1.000000
-0.355078 -0.673811 0.385746 0.303030 1.000000
-0.364718 -0.630284 0.403324 0.303030 1.000000
-0.355942 -0.584680 0.420901 0.303030 1.000000
-0.325437 -0.540655 0.438479 0.303030 1.000000
-0.272745 -0.502146 0.456056 0.303030 1.000000
-0.200519 -0.472845 0.473634 0.303030 1.000000
-0.114320 -0.455716 0.491211 0.303030 1.000000
-0.021907 -0.452551 0.508789 0.303030 1.000000
0.067922 -0.463690 0.526366 0.303030 1.000000
0.146733 -0.487967 0.543944 0.303030 1.000000
0.207763 -0.522916 0.561521 0.303030 1.000000
0.246834 -0.565160 0.579099 0.303030 1.000000
0.262783 -0.610879 0.596676 0.303030 1.000000
0.257445 -0.656292 0.614254 0.303030 1.000000
0.235232 -0.698120 0.631831 0.303030 1.000000
0.202207 -0.734036 0.649409 0.303030 1.000000
0.164640 -0.762974 0.666986 0.303030 1.000000
0.127477 -0.785114 0.684564 0.303030 1.000000
0.093549 -0.801467 0.702141 0.303030 1.000000
0.063809 -0.813322 0.719719 0.303030 1.000000
0.038089 -0.821849 0.737296 0.303030 1.000000
0.015761 -0.827956 0.754873 0.303030 1.000000
-0.003885 -0.832290 0.772451 0.303030 1.000000
-0.021497 -0.835294 0.790028 0.303030 1.000000
-0.116833 -0.831667 0.229680 0.318182 1.000000
-0.131734 -0.828519 0.246063 0.318182 1.000000
-0.147705 -0.824226 0.262446 0.318182 1.000000
-0.165122 -0.818476 0.278829 0.318182 1.000000
-0.184380 -0.810821 0.295212 0.318182 1.000000
-0.205829 -0.800641 0.311595 0.318182 1.000000
-0.229611 -0.787124 0.327978 0.318182 1.000000
-0.255337 -0.769314 0.344361 0.318182 1.000000
-0.281615 -0.746294 0.360744 0.318182 1.000000
-0.305614 -0.717552 0.377127 0.318182 1.000000
-0.323098 -0.683416 0.393510 0.318182 1.000000
-0.329181 -0.645309 0.409893 0.318182 1.000000
-0.319546 -0.605667 0.426276 0.318182 1.000000
-0.291558 -0.567597 0.442659 0.318182 1.000000
-0.244946 -0.534427 0.459042 0.318182 1.000000
-0.182027 -0.509265 0.475425 0.318182 1.000000
-0.107499 -0.494583 0.491808 0.318182 1.000000
-0.027837 -0.491867 0.508192 0.318182 1.000000
0.049654 -0.501403 0.524575 0.318182 1.000000
0.117954 -0.522231 0.540958 0.318182 1.000000
0.171381 -0.552306 0.557341 0.318182 1.000000
0.206357 -0.588802 0.573724 0.318182 1.000000
0.221807 -0.628489 0.590107 0.318182 1.000000
0.219164 -0.668151 0.606490 0.318182 1.000000
0.202009 -0.704984 0.622873 0.318182 1.000000
0.175264 -0.736983 0.639256 0.318182 1.000000
0.144014 -0.763185 0.655639 0.318182 1.000000
0.112336 -0.783637 0.672022 0.318182 1.000000
0.082701 -0.799079 0.688405 0.318182 1.000000
0.056117 -0.810513 0.704788 0.318182 1.000000
0.032653 -0.818895 0.721171 0.318182 1.000000
0.011936 -0.824994 0.737554 0.318182 1.000000
-0.006540 -0.829380 0.753937 0.318182 1.000000
-0.023274 -0.832454 0.770320 0.318182 1.000000
-0.114820 -0.828792 0.250000 0.333333 1.000000
-0.128952 -0.825637 0.265152 0.333333 1.000000
-0.143956 -0.821356 0.280303 0.333333 1.000000
-0.160113 -0.815671 0.295455 0.333333 1.000000
-0.177689 -0.808189 0.310606 0.333333 1.000000
-0.196872 -0.798387 0.325758 0.333333 1.000000
-0.217628 -0.785605 0.340909 0.333333 1.000000
-0.239453 -0.769101 0.356061 0.333333 1.000000
-0.261039 -0.748211 0.371212 0.333333 1.000000
-0.279998 -0.722623 0.386364 0.333333 1.000000
-0.292929 -0.692700 0.401515 0.333333 1.000000
-0.295986 -0.659672 0.416667 0.333333 1.000000
-0.285788 -0.625586 0.431818 0.333333 1.000000
-0.260308 -0.593033 0.446970 0.333333 1.000000
-0.219429 -0.564786 0.462121 0.333333 1.000000
-0.165139 -0.543422 0.477273 0.333333 1.000000
-0.101343 -0.530978 0.492424 0.333333 1.000000
-0.033369 -0.528678 0.507576 0.333333 1.000000
0.032799 -0.536755 0.522727 0.333333 1.000000
0.091399 -0.554431 0.537879 0.333333 1.000000
0.137732 -0.580028 0.553030 0.333333 1.000000
0.168787 -0.611209 0.568182 0.333333 1.000000
0.183593 -0.645284 0.583333 0.333333 1.000000
0.183233 -0.679560 0.598485 0.333333 1.000000
0.170532 -0.711681 0.613636 0.333333 1.000000
0.149390 -0.739943 0.628788 0.333333 1.000000
0.123849 -0.763479 0.643939 0.333333 1.000000
0.097224 -0.782231 0.659091 0.333333 1.000000
0.071646 -0.796704 0.674242 0.333333 1.000000
0.048127 -0.807652 0.689394 0.333333 1.000000
0.026915 -0.815832 0.704545 0.333333 1.000000
0.007845 -0.821882 0.719697 0.333333 1.000000
-0.009409 -0.826292 0.734848 0.333333 1.000000
-0.025210 -0.829419 0.750000 0.333333 1.000000
-0.112617 -0.825691 0.270887 0.348485 1.000000
-0.125924 -0.822547 0.284772 0.348485 1.000000
-0.139907 -0.818306 0.298658 0.348485 1.000000
-0.154758 -0.812724 0.312544 0.348485 1.000000
-0.170633 -0.805467 0.326429 0.348485 1.000000
-0.187584 -0.796104 0.340315 0.348485 1.000000
-0.205449 -0.784116 0.354201 0.348485 1.000000
-0.223658 -0.768955 0.368086 0.348485 1.000000
-0.241017 -0.750165 0.381972 0.348485 1.000000
-0.255549 -0.727598 0.395858 0.348485 1.000000
-0.264573 -0.701636 0.409743 0.348485 1.000000
-0.265133 -0.673336 0.423629 0.348485 1.000000
-0.254668 -0.644386 0.437515 0.348485 1.000000
-0.231677 -0.616910 0.451400 0.348485 1.000000
-0.196171 -0.593173 0.465286 0.348485 1.000000
-0.149825 -0.575275 0.479172 0.348485 1.000000
-0.095832 -0.564871 0.493057 0.348485 1.000000
-0.038500 -0.562952 0.506943 0.348485 1.000000
0.017347 -0.569710 0.520828 0.348485 1.000000
0.067062 -0.584519 0.534714 0.348485 1.000000
0.106823 -0.606024 0.548600 0.348485 1.000000
0.134148 -0.632321 0.562485 0.348485 1.000000
0.148173 -0.661212 0.576371 0.348485 1.000000
0.149676 -0.690483 0.590257 0.348485 1.000000
0.140814 -0.718189 0.604142 0.348485 1.000000
0.124590 -0.742903 0.618028 0.348485 1.000000
0.104148 -0.763851 0.631914 0.348485 1.000000
0.082138 -0.780892 0.645799 0.348485 1.000000
0.060366 -0.794339 0.659685 0.348485 1.000000
0.039812 -0.804732 0.673571 0.348485 1.000000
0.020840 -0.812649 0.687456 0.348485 1.000000
0.003454 -0.818602 0.701342 0.348485 1.000000
-0.012522 -0.823003 0.715228 0.348485 1.000000
-0.027329 -0.826160 0.729113 0.348485 1.000000
-0.110193 -0.822329 0.292292 0.363636 1.000000
-0.122613 -0.819219 0.304881 0.363636 1.000000
-0.135515 -0.815052 0.317469 0.363636 1.000000
-0.149014 -0.809618 0.330057 0.363636 1.000000
-0.163172 -0.802643 0.342646 0.363636 1.000000
-0.177937 -0.793786 0.355234 0.363636 1.000000
-0.193057 -0.782657 0.367822 0.363636 1.000000
-0.207945 -0.768872 0.380411 0.363636 1.000000
-0.221546 -0.752149 0.392999 0.363636 1.000000
-0.232254 -0.732465 0.405587 0.363636 1.000000
-0.238007 -0.710208 0.418176 0.363636 1.000000
-0.236598 -0.686272 0.430764 0.363636 1.000000
-0.226157 -0.662030 0.443352 0.363636 1.000000
-0.205631 -0.639185 0.455941 0.363636 1.000000
-0.175132 -0.619547 0.468529 0.363636 1.000000
-0.136049 -0.604790 0.481117 0.363636 1.000000
-0.090944 -0.596232 0.493706 0.363636 1.000000
-0.043229 -0.594661 0.506294 0.363636 1.000000
0.003285 -0.600233 0.518883 0.363636 1.000000
0.044922 -0.612452 0.531471 0.363636 1.000000
0.078641 -0.630244 0.544059 0.363636 1.000000
0.102433 -0.652090 0.556648 0.363636 1.000000
0.115543 -0.676232 0.569236 0.363636 1.000000
0.118488 -0.700889 0.581824 0.363636 1.000000
0.112847 -0.724487 0.594413 0.363636 1.000000
0.100860 -0.745849 0.607001 0.363636 1.000000
0.084910 -0.764292 0.619589 0.363636 1.000000
0.067071 -0.779617 0.632178 0.363636 1.000000
0.048845 -0.791982 0.644766 0.363636 1.000000
0.031141 -0.801747 0.657354 0.363636 1.000000
0.014393 -0.809332 0.669943 0.363636 1.000000
-0.001275 -0.815134 0.682531 0.363636 1.000000
-0.015915 -0.819484 0.695119 0.363636 1.000000
-0.029661 -0.822644 0.707708 0.363636 1.000000
-0.107512 -0.818665 0.314169 0.378788 1.000000
-0.118971 -0.815619 0.325431 0.378788 1.000000
-0.130729 -0.811565 0.336694 0.378788 1.000000
-0.142831 -0.806333 0.347956 0.378788 1.000000
-0.155263 -0.799707 0.359219 0.378788 1.000000
-0.167899 -0.791429 0.370481 0.378788 1.000000
-0.180435 -0.781226 0.381744 0.378788 1.000000
-0.192309 -0.768849 0.393006 0.378788 1.000000
-0.202617 -0.754157 0.404269 0.378788 1.000000
-0.210092 -0.737215 0.415531 0.378788 1.000000
-0.213192 -0.718402 0.426794 0.378788 1.000000
-0.210328 -0.698465 0.438056 0.378788 1.000000
-0.200195 -0.678499 0.449319 0.378788 1.000000
-0.182109 -0.659836 0.460581 0.378788 1.000000
-0.156254 -0.643885 0.471844 0.378788 1.000000
-0.123766 -0.631947 0.483106 0.378788 1.000000
-0.086652 -0.625044 0.494369 0.378788 1.000000
-0.047553 -0.623788 0.505631 0.378788 1.000000
-0.009408 -0.628300 0.516894 0.378788 1.000000
0.024946 -0.638200 0.528156 0.378788 1.000000
0.053147 -0.652655 0.539419 0.378788 1.000000
0.073604 -0.670485 0.550681 0.378788 1.000000
0.085665 -0.690317 0.561944 0.378788 1.000000
0.089632 -0.710758 0.573206 0.378788 1.000000
0.086605 -0.730561 0.584469 0.378788 1.000000
0.078187 -0.748772 0.595731 0.378788 1.000000
0.066131 -0.764798 0.606994 0.378788 1.000000
0.052018 -0.778403 0.618256 0.378788 1.000000
0.037066 -0.789628 0.629519 0.378788 1.000000
0.022085 -0.798687 0.640781 0.378788 1.000000
0.007532 -0.805866 0.652044 0.378788 1.000000
-0.006388 -0.811453 0.663306 0.378788 1.000000
-0.019630 -0.815705 0.674569 0.378788 1.000000
-0.032241 -0.818833 0.685831 0.378788 1.000000
-0.104527 -0.814651 0.336466 0.393939 1.000000
-0.114946 -0.811706 0.346377 0.393939 1.000000
-0.125491 -0.807816 0.356288 0.393939 1.000000
-0.136153 -0.802849 0.366199 0.393939 1.000000
-0.146858 -0.796647 0.376111 0.393939 1.000000
-0.157435 -0.789029 0.386022 0.393939 1.000000
-0.167567 -0.779820 0.395933 0.393939 1.000000
-0.176742 -0.768885 0.405844 0.393939 1.000000
-0.184219 -0.756183 0.415755 0.393939 1.000000
-0.189033 -0.741841 0.425666 0.393939 1.000000
-0.190073 -0.726213 0.435578 0.393939 1.000000
-0.186245 -0.709910 0.445489 0.393939 1.000000
-0.176694 -0.693786 0.455400 0.393939 1.000000
-0.161022 -0.678856 0.465311 0.393939 1.000000
-0.139459 -0.666183 0.475222 0.393939 1.000000
-0.112915 -0.656744 0.485133 0.393939 1.000000
-0.082925 -0.651307 0.495044 0.393939 1.000000
-0.051477 -0.650331 0.504956 0.393939 1.000000
-0.020767 -0.653908 0.514867 0.393939 1.000000
0.007076 -0.661754 0.524778 0.393939 1.000000
0.030269 -0.673243 0.534689 0.393939 1.000000
0.047583 -0.687489 0.544600 0.393939 1.000000
0.058464 -0.703454 0.554511 0.393939 1.000000
0.063046 -0.720078 0.564422 0.393939 1.000000
0.062042 -0.736401 0.574334 0.393939 1.000000
0.056548 -0.751664 0.584245 0.393939 1.000000
0.047801 -0.765363 0.594156 0.393939 1.000000
0.036970 -0.777248 0.604067 0.393939 1.000000
0.025009 -0.787276 0.613978 0.393939 1.000000
0.012607 -0.795548 0.623889 0.393939 1.000000
0.000210 -0.802235 0.633801 0.393939 1.000000
-0.011936 -0.807534 0.643712 0.393939 1.000000
-0.023717 -0.811630 0.653623 0.393939 1.000000
-0.035111 -0.814683 0.663534 0.393939 1.000000
-0.101185 -0.810232 0.359134 0.409091 1.000000
-0.110473 -0.807433 0.367671 0.409091 1.000000
-0.119733 -0.803768 0.376208 0.409091 1.000000
-0.128913 -0.799143 0.384746 0.409091 1.000000
-0.137903 -0.793451 0.393283 0.409091 1.000000
-0.146511 -0.786581 0.401820 0.409091 1.000000
-0.154433 -0.778440 0.410358 0.409091 1.000000
-0.161236 -0.768977 0.418895 0.409091 1.000000
-0.166338 -0.758225 0.427433 0.409091 1.000000
-0.169040 -0.746340 0.435970 0.409091 1.000000
-0.168581 -0.733640 0.444507 0.409091 1.000000
-0.164252 -0.720613 0.453045 0.409091 1.000000
-0.155536 -0.707906 0.461582 0.409091 1.000000
-0.142250 -0.696265 0.470119 0.409091 1.000000
-0.124640 -0.686464 0.478657 0.409091 1.000000
-0.103421 -0.679208 0.487194 0.409091 1.000000
-0.079727 -0.675048 0.495731 0.409091 1.000000
-0.055004 -0.674316 0.504269 0.409091 1.000000
-0.030840 -0.677078 0.512806 0.409091 1.000000
-0.008769 -0.683130 0.521343 0.409091 1.000000
0.009904 -0.692021 0.529881 0.409091 1.000000
0.024258 -0.703110 0.538418 0.409091 1.000000
0.033831 -0.715645 0.546955 0.409091 1.000000
0.038639 -0.728847 0.555493 0.409091 1.000000
0.039099 -0.742001 0.564030 0.409091 1.000000
0.035913 -0.754518 0.572567 0.409091 1.000000
0.029913 -0.765983 0.581105 0.409091 1.000000
0.021921 -0.776149 0.589642 0.409091 1.000000
0.012654 -0.784923 0.598180 0.409091 1.000000
0.002673 -0.792320 0.606717 0.409091 1.000000
-0.007624 -0.798423 0.615254 0.409091 1.000000
-0.017976 -0.803349 0.623792 0.409091 1.000000
-0.028233 -0.807217 0.632329 0.409091 1.000000
-0.038320 -0.810141 0.640866 0.409091 1.000000
-0.097420 -0.805340 0.382121 0.424242 1.000000
-0.105477 -0.802747 0.389265 0.424242 1.000000
-0.113377 -0.799382 0.396409 0.424242 1.000000
-0.121041 -0.795188 0.403553 0.424242 1.000000
-0.128340 -0.790106 0.410697 0.424242 1.000000
-0.135086 -0.784081 0.417842 0.424242 1.000000
-0.141015 -0.777084 0.424986 0.424242 1.000000
-0.145781 -0.769124 0.432130 0.424242 1.000000
-0.148960 -0.760278 0.439274 0.424242 1.000000
-0.150073 -0.750710 0.446418 0.424242 1.000000
-0.148636 -0.740688 0.453563 0.424242 1.000000
-0.144230 -0.730590 0.460707 0.424242 1.000000
-0.136581 -0.720886 0.467851 0.424242 1.000000
-0.125648 -0.712105 0.474995 0.424242 1.000000
-0.111671 -0.704780 0.482139 0.424242 1.000000
-0.095189 -0.699397 0.489284 0.424242 1.000000
-0.077013 -0.696330 0.496428 0.424242 1.000000
-0.058149 -0.695805 0.503572 0.424242 1.000000
-0.039690 -0.697867 0.510716 0.424242 1.000000
-0.022699 -0.702376 0.517861 0.424242 1.000000
-0.008086 -0.709026 0.525005 0.424242 1.000000
0.003481 -0.717376 0.532149 0.424242 1.000000
0.011631 -0.726906 0.539293 0.424242 1.000000
0.016304 -0.737071 0.546437 0.424242 1.000000
0.017707 -0.747358 0.553582 0.424242 1.000000
0.016250 -0.757329 0.560726 0.424242 1.000000
0.012453 -0.766653 0.567870 0.424242 1.000000
0.006861 -0.775105 0.575014 0.424242 1.000000
-0.000019 -0.782566 0.582158 0.424242 1.000000
-0.007758 -0.788996 0.589303 0.424242 1.000000
-0.016025 -0.794412 0.596447 0.424242 1.000000
-0.024575 -0.798866 0.603591 0.424242 1.000000
-0.033245 -0.802422 0.610735 0.424242 1.000000
-0.041929 -0.805148 0.617879 0.424242 1.000000
-0.093154 -0.799899 0.405374 0.439394 1.000000
-0.099869 -0.797586 0.411109 0.439394 1.000000
-0.106333 -0.794614 0.416844 0.439394 1.000000
-0.112454 -0.790958 0.422579 0.439394 1.000000
-0.118105 -0.786598 0.428314 0.439394 1.000000
-0.123121 -0.781524 0.434049 0.439394 1.000000
-0.127293 -0.775751 0.439784 0.439394 1.000000
-0.130369 -0.769325 0.445519 0.439394 1.000000
-0.132065 -0.762341 0.451253 0.439394 1.000000
-0.132085 -0.754949 0.456988 0.439394 1.000000
-0.130152 -0.747365 0.462723 0.439394 1.000000
-0.126049 -0.739864 0.468458 0.439394 1.000000
-0.119669 -0.732772 0.474193 0.439394 1.000000
-0.111048 -0.726440 0.479928 0.439394 1.000000
-0.100400 -0.721215 0.485663 0.439394 1.000000
-0.088113 -0.717407 0.491398 0.439394 1.000000
-0.074736 -0.715255 0.497133 0.439394 1.000000
-0.060929 -0.714900 0.502867 0.439394 1.000000
-0.047403 -0.716370 0.508602 0.439394 1.000000
-0.034849 -0.719577 0.514337 0.439394 1.000000
-0.023870 -0.724326 0.520072 0.439394 1.000000
-0.014925 -0.730335 0.525807 0.439394 1.000000
-0.008298 -0.737266 0.531542 0.439394 1.000000
-0.004085 -0.744762 0.537277 0.439394 1.000000
-0.002214 -0.752474 0.543012 0.439394 1.000000
-0.002481 -0.760094 0.548747 0.439394 1.000000
-0.004593 -0.767369 0.554481 0.439394 1.000000
-0.008220 -0.774113 0.560216 0.439394 1.000000
-0.013032 -0.780202 0.565951 0.439394 1.000000
-0.018729 -0.785567 0.571686 0.439394 1.000000
-0.025056 -0.790182 0.577421 0.439394 1.000000
-0.031809 -0.794050 0.583156 0.439394 1.000000
-0.038831 -0.797191 0.588891 0.439394 1.000000
-0.046008 -0.799635 0.594626 0.439394 1.000000
-0.088295 -0.793818 0.428843 0.454545 1.000000
-0.093544 -0.791880 0.433155 0.454545 1.000000
-0.098495 -0.789414 0.437468 0.454545 1.000000
-0.103059 -0.786423 0.441780 0.454545 1.000000
-0.107127 -0.782914 0.446093 0.454545 1.000000
-0.110572 -0.778907 0.450405 0.454545 1.000000
-0.113246 -0.774441 0.454718 0.454545 1.000000
-0.114990 -0.769579 0.459031 0.454545 1.000000
-0.115637 -0.764410 0.463343 0.454545 1.000000
-0.115029 -0.759060 0.467656 0.454545 1.000000
-0.113035 -0.753684 0.471968 0.454545 1.000000
-0.109572 -0.748469 0.476281 0.454545 1.000000
-0.104626 -0.743622 0.480593 0.454545 1.000000
-0.098268 -0.739356 0.484906 0.454545 1.000000
-0.090663 -0.735878 0.489219 0.454545 1.000000
-0.082074 -0.733369 0.493531 0.454545 1.000000
-0.072843 -0.731963 0.497844 0.454545 1.000000
-0.063368 -0.731743 0.502156 0.454545 1.000000
-0.054075 -0.732722 0.506469 0.454545 1.000000
-0.045376 -0.734851 0.510781 0.454545 1.000000
-0.037640 -0.738016 0.515094 0.454545 1.000000
-0.031159 -0.742054 0.519407 0.454545 1.000000
-0.026134 -0.746767 0.523719 0.454545 1.000000
-0.022663 -0.751940 0.528032 0.454545 1.000000
-0.020751 -0.757354 0.532344 0.454545 1.000000
-0.020322 -0.762809 0.536657 0.454545 1.000000
-0.021239 -0.768130 0.540969 0.454545 1.000000
-0.023331 -0.773173 0.545282 0.454545 1.000000
-0.026408 -0.777831 0.549595 0.454545 1.000000
-0.030284 -0.782027 0.553907 0.454545 1.000000
-0.034785 -0.785713 0.558220 0.454545 1.000000
-0.039761 -0.788863 0.562532 0.454545 1.000000
-0.045082 -0.791467 0.566845 0.454545 1.000000
-0.050642 -0.793524 0.571157 0.454545 1.000000
-0.082730 -0.786997 0.452472 0.469697 1.000000
-0.086380 -0.785549 0.455352 0.469697 1.000000
-0.089745 -0.783727 0.458233 0.469697 1.000000
-0.092754 -0.781549 0.461113 0.469697 1.000000
-0.095330 -0.779037 0.463994 0.469697 1.000000
-0.097392 -0.776224 0.466874 0.469697 1.000000
-0.098854 -0.773154 0.469755 0.469697 1.000000
-0.099633 -0.769884 0.472635 0.469697 1.000000
-0.099654 -0.766485 0.475516 0.469697 1.000000
-0.098854 -0.763044 0.478396 0.469697 1.000000
-0.097192 -0.759660 0.481277 0.469697 1.000000
-0.094657 -0.756441 0.484157 0.469697 1.000000
-0.091275 -0.753501 0.487038 0.469697 1.000000
-0.087115 -0.750955 0.489918 0.469697 1.000000
-0.082289 -0.748905 0.492799 0.469697 1.000000
-0.076948 -0.747442 0.495679 0.469697 1.000000
-0.071280 -0.746632 0.498560 0.469697 1.000000
-0.065496 -0.746512 0.501440 0.469697 1.000000
-0.059815 -0.747091 0.504321 0.469697 1.000000
-0.054452 -0.748342 0.507201 0.469697 1.000000
-0.049603 -0.750211 0.510082 0.469697 1.000000
-0.045432 -0.752617 0.512962 0.469697 1.000000
-0.042062 -0.755460 0.515843 0.469697 1.000000
-0.039571 -0.758628 0.518723 0.469697 1.000000
-0.037992 -0.762004 0.521604 0.469697 1.000000
-0.037316 -0.765474 0.524484 0.469697 1.000000
-0.037502 -0.768931 0.527365 0.469697 1.000000
-0.038482 -0.772283 0.530245 0.469697 1.000000
-0.040170 -0.775449 0.533126 0.469697 1.000000
-0.042471 -0.778366 0.536006 0.469697 1.000000
-0.045289 -0.780983 0.538887 0.469697 1.000000
-0.048529 -0.783264 0.541767 0.469697 1.000000
-0.052103 -0.785184 0.544648 0.469697 1.000000
-0.055930 -0.786725 0.547528 0.469697 1.000000
-0.076331 -0.779317 0.476209 0.484848 1.000000
-0.078234 -0.778504 0.477651 0.484848 1.000000
-0.079946 -0.777494 0.479093 0.484848 1.000000
-0.081425 -0.776304 0.480535 0.484848 1.000000
-0.082633 -0.774955 0.481977 0.484848 1.000000
-0.083534 -0.773473 0.483418 0.484848 1.000000
-0.084095 -0.771891 0.484860 0.484848 1.000000
-0.084289 -0.770241 0.486302 0.484848 1.000000
-0.084098 -0.768566 0.487744 0.484848 1.000000
-0.083510 -0.766906 0.489186 0.484848 1.000000
-0.082527 -0.765309 0.490628 0.484848 1.000000
-0.081161 -0.763820 0.492070 0.484848 1.000000
-0.079439 -0.762485 0.493512 0.484848 1.000000
-0.077403 -0.761347 0.494953 0.484848 1.000000
-0.075105 -0.760444 0.496395 0.484848 1.000000
-0.072611 -0.759807 0.497837 0.484848 1.000000
-0.069998 -0.759458 0.499279 0.484848 1.000000
-0.067344 -0.759411 0.500721 0.484848 1.000000
-0.064735 -0.759666 0.502163 0.484848 1.000000
-0.062252 -0.760217 0.503605 0.484848 1.000000
-0.059971 -0.761043 0.505047 0.484848 1.000000
-0.057959 -0.762117 0.506488 0.484848 1.000000
-0.056272 -0.763401 0.507930 0.484848 1.000000
-0.054952 -0.764855 0.509372 0.484848 1.000000
-0.054027 -0.766433 0.510814 0.484848 1.000000
-0.053510 -0.768087 0.512256 0.484848 1.000000
-0.053399 -0.769772 0.513698 0.484848 1.000000
-0.053684 -0.771442 0.515140 0.484848 1.000000
-0.054341 -0.773056 0.516582 0.484848 1.000000
-0.055341 -0.774576 0.518023 0.484848 1.000000
-0.056647 -0.775970 0.519465 0.484848 1.000000
-0.058218 -0.777209 0.520907 0.484848 1.000000
-0.060013 -0.778271 0.522349 0.484848 1.000000
-0.061987 -0.779137 0.523791 0.484848 1.000000
-0.068947 -0.770650 0.500000 0.500000 1.000000
-0.068947 -0.770650 0.500000 0.500000 1.000000
-0.068947 -0.770650 0.500000 0.500000 1.000000
-0.068947 -0.770650 0.500000 0.500000 1.000000
-0.068947 -0.770650 0.500000 0.500000 1.000000
-0.068947 -0.770650 0.500000 0.500000 1.000000
-0.068947 -0.770650 0.500000 0.500000 1.000000
-0.068947 -0.770650 0.500000 0.500000 1.000000
-0.068947 -0.770650 0.500000 0.500000 1.000000
-0.068947 -0.770650 0.500000 0.500000 1.000000
-0.068947 -0.770650 0.500000 0.500000 1.000000
-0.068947 -0.770650 0.500000 0.500000 1.000000
-0.068947 -0.770650 0.500000 0.500000 1.000000
-0.068947 -0.770650 0.500000 0.500000 1.000000
-0.068947 -0.770650 0.500000 0.500000 1.000000
-0.068947 -0.770650 0.500000 0.500000 1.000000
-0.068947 -0.770650 0.500000 0.500000 1.000000
-0.068947 -0.770650 0.500000 0.500000 1.000000
-0.068947 -0.770650 0.500000 0.500000 1.000000
-0.068947 -0.770650 0.500000 0.500000 1.000000
-0.068947 -0.770650 0.500000 0.500000 1.000000
-0.068947 -0.770650 0.500000 0.500000 1.000000
-0.068947 -0.770650 0.500000 0.500000 1.000000
-0.068947 -0.770650 0.500000 0.500000 1.000000
-0.068947 -0.770650 0.500000 0.500000 1.000000
-0.068947 -0.770650 0.500000 0.500000 1.000000
-0.068947 -0.770650 0.500000 0.500000 1.000000
-0.068947 -0.770650 0.500000 0.500000 1.000000
-0.068947 -0.770650 0.500000 0.500000 1.000000
-0.068947 -0.770650 0.500000 0.500000 1.000000
-0.068947 -0.770650 0.500000 0.500000 1.000000
-0.068947 -0.770650 0.500000 0.500000 1.000000
-0.068947 -0.770650 0.500000 0.500000 1.000000
-0.068947 -0.770650 0.500000 0.500000 1.000000
